1 0.236389
2 7.808100
3 4.445543
4 8.799679
5 6.473358
6 8.864532
7 4.852412
8 9.572745
9 3.618137
10 8.473475
11 6.213660
12 10.624174
13 2.076773
14 4.473036
15 4.924229
16 4.531444
17 4.988919
18 2.767815
19 6.953641
20 5.766481
21 6.349705
22 7.036429
23 7.891302
24 6.728773
25 6.773449
26 7.283257
27 6.660239
28 4.952413
29 5.547515
30 7.667335
31 8.837302
32 8.156843
33 11.870244
34 6.039836
35 5.755409
36 6.324784
37 7.166097
38 4.991113
39 8.873089
40 7.694455
41 4.979292
42 5.284291
43 5.139701
44 7.105252
45 7.353226
46 8.792427
47 5.645949
48 4.425586
49 8.695059
50 4.810754
51 10.218315
52 9.772474
53 5.939480
54 8.859656
55 6.287569
56 9.277718
57 5.409426
58 8.092085
59 5.244479
60 2.642913
61 5.190131
62 3.600171
63 6.564294
64 4.904860
65 3.738612
66 7.673234
67 5.305640
68 8.567088
69 7.067822
70 5.258695
71 4.766587
72 6.029802
73 6.156414
74 6.390337
75 5.081997
76 6.756482
77 5.553056
78 8.313607
79 11.859619
80 8.506574
81 7.274288
82 5.682775
83 7.089314
84 7.337621
85 6.318527
86 9.337591
87 4.866886
88 6.079493
89 6.186306
90 6.464644
91 8.541763
92 13.150072
93 7.288964
94 9.139256
95 8.667551
96 2.499218
97 5.910611
98 8.474999
99 7.265625
100 6.073079
101 6.783658
102 4.449146
103 7.530539
104 8.777959
105 8.016889
106 4.625750
107 10.212061
108 9.001174
109 3.451844
110 2.483034
111 7.218733
112 6.265174
113 6.911436
114 7.292994
115 4.969503
116 4.034351
117 5.155758
118 7.032257
119 6.147393
120 4.989298
121 6.220774
122 8.295339
123 7.759477
124 5.862264
125 5.268291
126 8.577283
127 5.318942
128 5.793395
129 7.281272
130 7.916025
131 5.853321
132 8.036290
133 8.277833
134 3.742927
135 7.916161
136 9.366702
137 6.459466
138 4.705084
139 10.490866
140 7.303159
141 4.412148
142 5.693618
143 4.026993
144 4.782270
145 5.890901
146 7.693385
147 6.337358
148 9.413127
149 10.219748
150 5.124838
151 8.414589
152 9.754787
153 5.692848
154 2.254131
155 5.637458
156 5.725009
157 7.864120
158 4.773809
159 7.136544
160 4.782831
161 4.806044
162 4.917621
163 4.823466
164 3.432612
165 5.416908
166 4.973885
167 7.113026
168 5.142785
169 6.090282
170 3.878851
171 6.329946
172 6.020249
173 3.925874
174 3.419905
175 8.807069
176 5.613934
177 7.481858
178 10.571071
179 5.267955
180 9.697501
181 3.817938
182 5.260739
183 4.998852
184 6.964256
185 4.764618
186 7.589396
187 3.811717
188 6.437264
189 8.949948
190 2.310326
191 5.819378
192 6.835470
193 8.846407
194 7.365345
195 7.252366
196 6.731921
197 5.347156
198 8.272903
199 8.749593
200 6.509706