  -70.000000000000000        0.0000000000000000     
  -69.900001525878906        0.0000000000000000     
  -69.800003051757812        0.0000000000000000     
  -69.700004577636719        0.0000000000000000     
  -69.599998474121094        0.0000000000000000     
  -69.500000000000000        0.0000000000000000     
  -69.400001525878906        0.0000000000000000     
  -69.300003051757812        0.0000000000000000     
  -69.200004577636719        0.0000000000000000     
  -69.099998474121094        0.0000000000000000     
  -69.000000000000000        0.0000000000000000     
  -68.900001525878906        0.0000000000000000     
  -68.800003051757812        0.0000000000000000     
  -68.700004577636719        0.0000000000000000     
  -68.599998474121094        0.0000000000000000     
  -68.500000000000000        0.0000000000000000     
  -68.400001525878906        0.0000000000000000     
  -68.300003051757812        0.0000000000000000     
  -68.200004577636719        0.0000000000000000     
  -68.099998474121094        0.0000000000000000     
  -68.000000000000000        0.0000000000000000     
  -67.900001525878906        0.0000000000000000     
  -67.800003051757812        0.0000000000000000     
  -67.700004577636719        0.0000000000000000     
  -67.599998474121094        0.0000000000000000     
  -67.500000000000000        0.0000000000000000     
  -67.400001525878906        0.0000000000000000     
  -67.300003051757812        0.0000000000000000     
  -67.200004577636719        0.0000000000000000     
  -67.099998474121094        0.0000000000000000     
  -67.000000000000000        0.0000000000000000     
  -66.900001525878906        0.0000000000000000     
  -66.800003051757812        0.0000000000000000     
  -66.700004577636719        0.0000000000000000     
  -66.599998474121094        0.0000000000000000     
  -66.500000000000000        0.0000000000000000     
  -66.400001525878906        0.0000000000000000     
  -66.300003051757812        0.0000000000000000     
  -66.200004577636719        0.0000000000000000     
  -66.099998474121094        0.0000000000000000     
  -66.000000000000000        0.0000000000000000     
  -65.900001525878906        0.0000000000000000     
  -65.800003051757812        0.0000000000000000     
  -65.700004577636719        0.0000000000000000     
  -65.599998474121094        0.0000000000000000     
  -65.500000000000000        0.0000000000000000     
  -65.400001525878906        0.0000000000000000     
  -65.300003051757812        0.0000000000000000     
  -65.200004577636719        0.0000000000000000     
  -65.099998474121094        0.0000000000000000     
  -65.000000000000000        0.0000000000000000     
  -64.900001525878906        0.0000000000000000     
  -64.800003051757812        0.0000000000000000     
  -64.700004577636719        0.0000000000000000     
  -64.599998474121094        0.0000000000000000     
  -64.500000000000000        0.0000000000000000     
  -64.400001525878906        0.0000000000000000     
  -64.300003051757812        0.0000000000000000     
  -64.200004577636719        0.0000000000000000     
  -64.099998474121094        0.0000000000000000     
  -64.000000000000000        0.0000000000000000     
  -63.900001525878906        0.0000000000000000     
  -63.799999237060547        0.0000000000000000     
  -63.700000762939453        0.0000000000000000     
  -63.600002288818359        0.0000000000000000     
  -63.500000000000000        0.0000000000000000     
  -63.400001525878906        0.0000000000000000     
  -63.299999237060547        0.0000000000000000     
  -63.200000762939453        0.0000000000000000     
  -63.100002288818359        0.0000000000000000     
  -63.000000000000000        0.0000000000000000     
  -62.900001525878906        0.0000000000000000     
  -62.799999237060547        0.0000000000000000     
  -62.700000762939453        0.0000000000000000     
  -62.600002288818359        0.0000000000000000     
  -62.500000000000000        0.0000000000000000     
  -62.400001525878906        0.0000000000000000     
  -62.299999237060547        0.0000000000000000     
  -62.200000762939453        0.0000000000000000     
  -62.100002288818359        0.0000000000000000     
  -62.000000000000000        0.0000000000000000     
  -61.900001525878906        0.0000000000000000     
  -61.799999237060547        0.0000000000000000     
  -61.700000762939453        0.0000000000000000     
  -61.600002288818359        0.0000000000000000     
  -61.500000000000000        0.0000000000000000     
  -61.400001525878906        0.0000000000000000     
  -61.299999237060547        0.0000000000000000     
  -61.200000762939453        0.0000000000000000     
  -61.100002288818359        0.0000000000000000     
  -61.000000000000000        0.0000000000000000     
  -60.900001525878906        0.0000000000000000     
  -60.799999237060547        0.0000000000000000     
  -60.700000762939453        0.0000000000000000     
  -60.600002288818359        0.0000000000000000     
  -60.500000000000000        0.0000000000000000     
  -60.400001525878906        0.0000000000000000     
  -60.299999237060547        0.0000000000000000     
  -60.200000762939453        0.0000000000000000     
  -60.100002288818359        0.0000000000000000     
  -60.000000000000000        0.0000000000000000     
  -59.900001525878906        0.0000000000000000     
  -59.799999237060547        0.0000000000000000     
  -59.700000762939453        0.0000000000000000     
  -59.600002288818359        0.0000000000000000     
  -59.500000000000000        0.0000000000000000     
  -59.400001525878906        0.0000000000000000     
  -59.299999237060547        0.0000000000000000     
  -59.200000762939453        0.0000000000000000     
  -59.100002288818359        0.0000000000000000     
  -59.000000000000000        0.0000000000000000     
  -58.900001525878906        0.0000000000000000     
  -58.799999237060547        0.0000000000000000     
  -58.700000762939453        0.0000000000000000     
  -58.600002288818359        0.0000000000000000     
  -58.500000000000000        0.0000000000000000     
  -58.400001525878906        0.0000000000000000     
  -58.299999237060547        0.0000000000000000     
  -58.200000762939453        0.0000000000000000     
  -58.100002288818359        0.0000000000000000     
  -58.000000000000000        0.0000000000000000     
  -57.900001525878906        0.0000000000000000     
  -57.799999237060547        0.0000000000000000     
  -57.700000762939453        0.0000000000000000     
  -57.600002288818359        0.0000000000000000     
  -57.500000000000000        0.0000000000000000     
  -57.400001525878906        0.0000000000000000     
  -57.299999237060547        0.0000000000000000     
  -57.200000762939453        0.0000000000000000     
  -57.100002288818359        0.0000000000000000     
  -57.000000000000000        0.0000000000000000     
  -56.900001525878906        0.0000000000000000     
  -56.799999237060547        0.0000000000000000     
  -56.700000762939453        0.0000000000000000     
  -56.600002288818359        0.0000000000000000     
  -56.500000000000000        0.0000000000000000     
  -56.400001525878906        0.0000000000000000     
  -56.299999237060547        0.0000000000000000     
  -56.200000762939453        0.0000000000000000     
  -56.100002288818359        0.0000000000000000     
  -56.000000000000000        0.0000000000000000     
  -55.900001525878906        0.0000000000000000     
  -55.799999237060547        0.0000000000000000     
  -55.700000762939453        0.0000000000000000     
  -55.600002288818359        0.0000000000000000     
  -55.500000000000000        0.0000000000000000     
  -55.400001525878906        0.0000000000000000     
  -55.299999237060547        0.0000000000000000     
  -55.200000762939453        0.0000000000000000     
  -55.100002288818359        0.0000000000000000     
  -55.000000000000000        0.0000000000000000     
  -54.900001525878906        0.0000000000000000     
  -54.799999237060547        0.0000000000000000     
  -54.700000762939453        0.0000000000000000     
  -54.600002288818359        0.0000000000000000     
  -54.500000000000000        0.0000000000000000     
  -54.400001525878906        4.9406564584124654E-324
  -54.299999237060547        4.4465908125712189E-323
  -54.200000762939453        5.5335352334219613E-322
  -54.100002288818359        6.8082245996923774E-321
  -54.000000000000000        8.3739186313632877E-320
  -53.900001525878906        1.0256160522324685E-318
  -53.799999237060547        1.2508526751211593E-317
  -53.700000762939453        1.5188866970429919E-316
  -53.600002288818359        1.8364349948003989E-315
  -53.500000000000000        2.2110434033583751E-314
  -53.400001525878906        2.6504418602271738E-313
  -53.299999237060547        3.1637928091824792E-312
  -53.200000762939453        3.7600797447130570E-311
  -53.100002288818359        4.4495613127213686E-310
  -53.000000000000000        5.2433455789094167E-309
  -52.900001525878906        6.1517620652689523E-308
  -52.799999237060547        7.1871864309092687E-307
  -52.700000762939453        8.3602257934068885E-306
  -52.600002288818359        9.6829617597048322E-305
  -52.500000000000000        1.1167840071572802E-303
  -52.400001525878906        1.2824202605789596E-302
  -52.299999237060547        1.4664237422242199E-301
  -52.200000762939453        1.6695089852106854E-300
  -52.100002288818359        1.8925577733948636E-299
  -52.000000000000000        2.1363868871273081E-298
  -51.900001525878906        2.4011059949594539E-297
  -51.799999237060547        2.6872636914760897E-296
  -51.700000762939453        2.9944002474534963E-295
  -51.600002288818359        3.3223128002899586E-294
  -51.500000000000000        3.6706347739126456E-293
  -51.400001525878906        4.0377828263079434E-292
  -51.299999237060547        4.4229482560040262E-291
  -51.200000762939453        4.8237170378904782E-290
  -51.100002288818359        5.2382098118090696E-289
  -51.000000000000000        5.6643953095123210E-288
  -50.900001525878906        6.0985389655593770E-287
  -50.799999237060547        6.5382988716211867E-286
  -50.700000762939453        6.9791936385641680E-285
  -50.600002288818359        7.4178291385517451E-284
  -50.500000000000000        7.8508669194101295E-283
  -50.400001525878906        8.2729509078561821E-282
  -50.299999237060547        8.6809967523486596E-281
  -50.200000762939453        9.0694448659808626E-280
  -50.100002288818359        9.4345874267094287E-279
  -50.000000000000000        9.7731361223528107E-278
  -49.900001525878906        1.0079697117203786E-276
  -49.799999237060547        1.0352063575302046E-275
  -49.700000762939453        1.0585437082653082E-274
  -49.600002288818359        1.0777592442285572E-273
  -49.500000000000000        1.0927055736926056E-272
  -49.400001525878906        1.1030304952106019E-271
  -49.299999237060547        1.1087596017375093E-270
  -49.200000762939453        1.1096605257773274E-269
  -49.100002288818359        1.1057933604992246E-268
  -49.000000000000000        1.0973012491145155E-267
  -48.900001525878906        1.0841295663440574E-266
  -48.799999237060547        1.0666000937811788E-265
  -48.700000762939453        1.0447812460445974E-264
  -48.600002288818359        1.0190141601170180E-263
  -48.500000000000000        9.8969810556561282E-263
  -48.400001525878906        9.5703790559993659E-262
  -48.299999237060547        9.2155286806199095E-261
  -48.200000762939453        8.8351748046793402E-260
  -48.100002288818359        8.4341465113828908E-259
  -48.000000000000000        8.0174160287040696E-258
  -47.900001525878906        7.5880824474127808E-257
  -47.799999237060547        7.1514479182237092E-256
  -47.700000762939453        6.7105814080793519E-255
  -47.600002288818359        6.2698539729308504E-254
  -47.500000000000000        5.8333979273602802E-253
  -47.400001525878906        5.4036919652952006E-252
  -47.299999237060547        4.9845216610612293E-251
  -47.200000762939453        4.5778449157269055E-250
  -47.100002288818359        4.1862945069460642E-249
  -47.000000000000000        3.8121062431193903E-248
  -46.900001525878906        3.4562526492096030E-247
  -46.799999237060547        3.1203944321956604E-246
  -46.700000762939453        2.8049081715615233E-245
  -46.600002288818359        2.5104924634412589E-244
  -46.500000000000000        2.2375117726894254E-243
  -46.400001525878906        1.9855346370229395E-242
  -46.299999237060547        1.7544974435452828E-241
  -46.200000762939453        1.5435958729917852E-240
  -46.100002288818359        1.3522145585324598E-239
  -46.000000000000000        1.1795690154916275E-238
  -45.900001525878906        1.0244890028994876E-237
  -45.799999237060547        8.8604134410075251E-237
  -45.700000762939453        7.6296870952415667E-236
  -45.600002288818359        6.5416997527875524E-235
  -45.500000000000000        5.5852144778638203E-234
  -45.400001525878906        4.7478366050862534E-233
  -45.299999237060547        4.0189631548057382E-232
  -45.200000762939453        3.3871840539313594E-231
  -45.100002288818359        2.8424623401345784E-230
  -45.000000000000000        2.3752844693975859E-229
  -44.900001525878906        1.9762581159257586E-228
  -44.799999237060547        1.6373203724565839E-227
  -44.700000762939453        1.3506120934698146E-226
  -44.600002288818359        1.1093249170896173E-225
  -44.500000000000000        9.0730124676224479E-225
  -44.400001525878906        7.3884245330037787E-224
  -44.299999237060547        5.9911990704368416E-223
  -44.200000762939453        4.8370779576885028E-222
  -44.100002288818359        3.8885134379990534E-221
  -44.000000000000000        3.1127794261820802E-220
  -43.900001525878906        2.4809679415318324E-219
  -43.799999237060547        1.9690427554449932E-218
  -43.700000762939453        1.5559549834955026E-217
  -43.600002288818359        1.2242499844839757E-216
  -43.500000000000000        9.5919528079755814E-216
  -43.400001525878906        7.4825993124759460E-215
  -43.299999237060547        5.8124435912435990E-214
  -43.200000762939453        4.4954519513239398E-213
  -43.100002288818359        3.4619372034408357E-212
  -43.000000000000000        2.6547796537734822E-211
  -42.900001525878906        2.0269674482314216E-210
  -42.799999237060547        1.5410810898049948E-209
  -42.700000762939453        1.1665759441405580E-208
  -42.600002288818359        8.7928928234916075E-208
  -42.500000000000000        6.5995395292889591E-207
  -42.400001525878906        4.9317943426947516E-206
  -42.299999237060547        3.6699177027922590E-205
  -42.200000762939453        2.7190485495232790E-204
  -42.100002288818359        2.0058980654977323E-203
  -42.000000000000000        1.4735452373012240E-202
  -41.900001525878906        1.0777748016647783E-201
  -41.799999237060547        7.8496852717102713E-201
  -41.700000762939453        5.6922792106020563E-200
  -41.600002288818359        4.1100909314429512E-199
  -41.500000000000000        2.9551464453318587E-198
  -41.400001525878906        2.1155193157538792E-197
  -41.299999237060547        1.5080449039296522E-196
  -41.200000762939453        1.0703399748246371E-195
  -41.100002288818359        7.5641569429647192E-195
  -41.000000000000000        5.3230590592032890E-194
  -40.900001525878906        3.7296915784578919E-193
  -40.799999237060547        2.6022167824166700E-192
  -40.700000762939453        1.8076930322063975E-191
  -40.600002288818359        1.2503662351710965E-190
  -40.500000000000000        8.6121460672926068E-190
  -40.400001525878906        5.9060468918356021E-189
  -40.299999237060547        4.0331181281010047E-188
  -40.200000762939453        2.7421809858382181E-187
  -40.100002288818359        1.8564474608222359E-186
  -40.000000000000000        1.2514987958963294E-185
  -39.900001525878906        8.4002079348334240E-185
  -39.799999237060547        5.6144577420233015E-184
  -39.700000762939453        3.7362608034293394E-183
  -39.600002288818359        2.4756996763409197E-182
  -39.500000000000000        1.6335017070552387E-181
  -39.400001525878906        1.0731329412639690E-180
  -39.299999237060547        7.0201319585352333E-180
  -39.200000762939453        4.5724511656451280E-179
  -39.100002288818359        2.9654070994408458E-178
  -39.000000000000000        1.9150497446613634E-177
  -38.900001525878906        1.2313700080621963E-176
  -38.799999237060547        7.8841438084208951E-176
  -38.700000762939453        5.0261219278193407E-175
  -38.600002288818359        3.1903842263784947E-174
  -38.500000000000000        2.0165689832170530E-173
  -38.400001525878906        1.2691017038422329E-172
  -38.299999237060547        7.9531077521282189E-172
  -38.200000762939453        4.9623831014144145E-171
  -38.100002288818359        3.0830121901814908E-170
  -38.000000000000000        1.9073041560681895E-169
  -37.900001525878906        1.1748391076767254E-168
  -37.799999237060547        7.2059886558203175E-168
  -37.700000762939453        4.4007044686722146E-167
  -37.600002288818359        2.6759772095651339E-166
  -37.500000000000000        1.6203245623719044E-165
  -37.400001525878906        9.7686786583861085E-165
  -37.299999237060547        5.8644328727837815E-164
  -37.200000762939453        3.5053398849575487E-163
  -37.100002288818359        2.0862477161639369E-162
  -37.000000000000000        1.2364047187322626E-161
  -36.900001525878906        7.2957528581313054E-161
  -36.799999237060547        4.2868236018129378E-160
  -36.700000762939453        2.5079305194596178E-159
  -36.600002288818359        1.4609221206936080E-158
  -36.500000000000000        8.4741727381788285E-158
  -36.400001525878906        4.8942113343646732E-157
  -36.299999237060547        2.8146462443212364E-156
  -36.200000762939453        1.6116835649771664E-155
  -36.100002288818359        9.1889834341828446E-155
  -36.000000000000000        5.2169117274686162E-154
  -35.900001525878906        2.9490025332709159E-153
  -35.799999237060547        1.6599391056326740E-152
  -35.700000762939453        9.3030315983343742E-152
  -35.600002288818359        5.1914494298194927E-151
  -35.500000000000000        2.8847669665629778E-150
  -35.400001525878906        1.5960590756955538E-149
  -35.299999237060547        8.7931038928195809E-149
  -35.200000762939453        4.8233774389396180E-148
  -35.100002288818359        2.6344632573855641E-147
  -35.000000000000000        1.4328168220649180E-146
  -34.900001525878906        7.7590007802814981E-146
  -34.799999237060547        4.1838451619903842E-145
  -34.700000762939453        2.2462685939958170E-144
  -34.600002288818359        1.2008249103518804E-143
  -34.500000000000000        6.3922679816500759E-143
  -34.400001525878906        3.3880307085657271E-142
  -34.299999237060547        1.7881092869638945E-141
  -34.200000762939453        9.3963141218826202E-141
  -34.100002288818359        4.9164654072787651E-140
  -34.000000000000000        2.5615650401524734E-139
  -33.900001525878906        1.3288481284305434E-138
  -33.799999237060547        6.8643488053319679E-138
  -33.700000762939453        3.5305353205806700E-137
  -33.600002288818359        1.8080641924982245E-136
  -33.500000000000000        9.2202719251262818E-136
  -33.400001525878906        4.6815714837480609E-135
  -33.299999237060547        2.3669729963225230E-134
  -33.200000762939453        1.1915510292875926E-133
  -33.100002288818359        5.9726097115529311E-133
  -33.000000000000000        2.9810680482875152E-132
  -32.900001525878906        1.4814881202295556E-131
  -32.799999237060547        7.3312471115678328E-131
  -32.700000762939453        3.6122326981612597E-130
  -32.600002288818359        1.7721717608654946E-129
  -32.500000000000000        8.6574867574771740E-129
  -32.400001525878906        4.2111128087507700E-128
  -32.299999237060547        2.0396469908148314E-127
  -32.200000762939453        9.8363007140244981E-127
  -32.100002288818359        4.7232497021420863E-126
  -32.000000000000000        2.2584247161406384E-125
  -31.899999618530273        1.0752266553629938E-124
  -31.800001144409180        5.0970493554170731E-124
  -31.700000762939453        2.4059205748802649E-123
  -31.600000381469727        1.1307881435968702E-122
  -31.500000000000000        5.2919708991460294E-122
  -31.399999618530273        2.4659804839090073E-121
  -31.300001144409180        1.1441627890791436E-120
  -31.200000762939453        5.2860320722557780E-120
  -31.100000381469727        2.4316967972894417E-119
  -31.000000000000000        1.1138466506314878E-118
  -30.899999618530273        5.0801609171632756E-118
  -30.800001144409180        2.3070437186442751E-117
  -30.700000762939453        1.0432247072354121E-116
  -30.600000381469727        4.6971847907322646E-116
  -30.500000000000000        2.1058812689306996E-115
  -30.399999618530273        9.4008322441556447E-115
  -30.300001144409180        4.1785471816864737E-114
  -30.200000762939453        1.8493874282752995E-113
  -30.100000381469727        8.1502011064649429E-113
  -30.000000000000000        3.5763936041967633E-112
  -29.899999618530273        1.5626387292538093E-111
  -29.800001144409180        6.7982752616735519E-111
  -29.700000762939453        2.9449803035032697E-110
  -29.600000381469727        1.2702931957080194E-109
  -29.500000000000000        5.4558474734115267E-109
  -29.399999618530273        2.3332263267284963E-108
  -29.300001144409180        9.9352478901722498E-108
  -29.200000762939453        4.2125391078982003E-107
  -29.100000381469727        1.7784727304761317E-106
  -29.000000000000000        7.4763093344007690E-106
  -28.899999618530273        3.1294198055153168E-105
  -28.800001144409180        1.3042711634590251E-104
  -28.700000762939453        5.4127164168551777E-104
  -28.600000381469727        2.2366641917076426E-103
  -28.500000000000000        9.2028682167503906E-103
  -28.399999618530273        3.7703550873931658E-102
  -28.300001144409180        1.5380452710421377E-101
  -28.200000762939453        6.2473987155267192E-101
  -28.100000381469727        2.5267807829154786E-100
  -28.000000000000000        1.0175902559639906E-099
  -27.899999618530273        4.0805158677927509E-099
  -27.800001144409180        1.6292410209022672E-098
  -27.700000762939453        6.4773709951438890E-098
  -27.600000381469727        2.5641920897540218E-097
  -27.500000000000000        1.0107401189038512E-096
  -27.399999618530273        3.9670286772371479E-096
  -27.300001144409180        1.5503138741137508E-095
  -27.200000762939453        6.0327737308587611E-095
  -27.100000381469727        2.3375069151815248E-094
  -27.000000000000000        9.0183289703187857E-094
  -26.899999618530273        3.4644657055689899E-093
  -26.800001144409180        1.3251811443327154E-092
  -26.700000762939453        5.0472786819010402E-092
  -26.600000381469727        1.9141585533875447E-091
  -26.500000000000000        7.2282968014339543E-091
  -26.399999618530273        2.7178858505793397E-090
  -26.300001144409180        1.0175495635515866E-089
  -26.200000762939453        3.7933502361526507E-089
  -26.100000381469727        1.4080855042291024E-088
  -26.000000000000000        5.2044244368165823E-088
  -25.899999618530273        1.9153745158317449E-087
  -25.800001144409180        7.0188210240010529E-087
  -25.700000762939453        2.5610473380729636E-086
  -25.600000381469727        9.3048610660675145E-086
  -25.500000000000000        3.3662001234319834E-085
  -25.399999618530273        1.2125717487859869E-084
  -25.300001144409180        4.3491538871800920E-084
  -25.200000762939453        1.5532631933139314E-083
  -25.100000381469727        5.5236266712743401E-083
  -25.000000000000000        1.9558768260334669E-082
  -24.899999618530273        6.8959852683034287E-082
  -24.800001144409180        2.4209249180534609E-081
  -24.700000762939453        8.4627058662490434E-081
  -24.600000381469727        2.9456172286002503E-080
  -24.500000000000000        1.0208959122196161E-079
  -24.399999618530273        3.5230956438613223E-079
  -24.300001144409180        1.2105923847454715E-078
  -24.200000762939453        4.1420407404579081E-078
  -24.100000381469727        1.4111399583209313E-077
  -24.000000000000000        4.7870072265318973E-077
  -23.899999618530273        1.6169480788010477E-076
  -23.800001144409180        5.4382475689782954E-076
  -23.700000762939453        1.8212300337494363E-075
  -23.600000381469727        6.0730952458338999E-075
  -23.500000000000000        2.0164796400536802E-074
  -23.399999618530273        6.6667747419572693E-074
  -23.300001144409180        2.1946689075322384E-073
  -23.200000762939453        7.1939130970324447E-073
  -23.100000381469727        2.3480157012706803E-072
  -23.000000000000000        7.6308948076342883E-072
  -22.899999618530273        2.4693823001681476E-071
  -22.800001144409180        7.9566980205104341E-071
  -22.700000762939453        2.5528211962188496E-070
  -22.600000381469727        8.1554463582810494E-070
  -22.500000000000000        2.5942626628806761E-069
  -22.399999618530273        8.2171036122011701E-069
  -22.300001144409180        2.5915265534674904E-068
  -22.200000762939453        8.1383353882891983E-068
  -22.100000381469727        2.5448108932752222E-067
  -22.000000000000000        7.9234539866521173E-067
  -21.899999618530273        2.4564752884671994E-066
  -21.800001144409180        7.5830296387845609E-066
  -21.700000762939453        2.3308599853481762E-065
  -21.600000381469727        7.1339463008860843E-065
  -21.500000000000000        2.1741165076266734E-064
  -21.399999618530273        6.5974311144821571E-064
  -21.300001144409180        1.9934246947772972E-063
  -21.200000762939453        5.9974682388965863E-063
  -21.100000381469727        1.7967039171017962E-062
  -21.000000000000000        5.3595045997450185E-062
  -20.899999618530273        1.5918865272570511E-061
  -20.800001144409180        4.7079617166014866E-061
  -20.700000762939453        1.3864269184204724E-060
  -20.600000381469727        4.0653852605430477E-060
  -20.500000000000000        1.1869878453235816E-059
  -20.399999618530273        3.4508845386220120E-059
  -20.300001144409180        9.9896067756954393E-059
  -20.200000762939453        2.8794511182637589E-058
  -20.100000381469727        8.2644116467109863E-058
  -20.000000000000000        2.3618607347239957E-057
  -19.899999618530273        6.7210404335302172E-057
  -19.800001144409180        1.9043773358090758E-056
  -19.700000762939453        5.3729522482932251E-056
  -19.600000381469727        1.5094340190817835E-055
  -19.500000000000000        4.2223642405747683E-055
  -19.399999618530273        1.1760815406536132E-054
  -19.300001144409180        3.2617744712287494E-054
  -19.200000762939453        9.0077029170606943E-054
  -19.100000381469727        2.4769408499208683E-053
  -19.000000000000000        6.7820023666652979E-053
  -18.899999618530273        1.8490162820534917E-052
  -18.800001144409180        5.0194807369785731E-052
  -18.700000762939453        1.3568150381375195E-051
  -18.600000381469727        3.6519452701944875E-051
  -18.500000000000000        9.7874357421595630E-051
  -18.399999618530273        2.6118872429303918E-050
  -18.300001144409180        6.9402593953167888E-050
  -18.200000762939453        1.8362887617588298E-049
  -18.100000381469727        4.8378046226669963E-049
  -18.000000000000000        1.2691036063792227E-048
  -17.899999618530273        3.3150266969289678E-048
  -17.800001144409180        8.6221048869722454E-048
  -17.700000762939453        2.2329746316811455E-047
  -17.600000381469727        5.7583319152758188E-047
  -17.500000000000000        1.4786023080408995E-046
  -17.399999618530273        3.7804861395272092E-046
  -17.300001144409180        9.6245582278944791E-046
  -17.200000762939453        2.4398235759265759E-045
  -17.100000381469727        6.1585550493248974E-045
  -17.000000000000000        1.5478947013068215E-044
  -16.899999618530273        3.8738785100230659E-044
  -16.800001144409180        9.6535722865107685E-044
  -16.700000762939453        2.3953823983411369E-043
  -16.600000381469727        5.9184070918528686E-043
  -16.500000000000000        1.4560538111815573E-042
  -16.399999618530273        3.5669124896306533E-042
  -16.300001144409180        8.7005273061434034E-042
  -16.200000762939453        2.1132153243882125E-041
  -16.100000381469727        5.1107605296585435E-041
  -16.000000000000000        1.2307515259777514E-040
  -15.900000572204590        2.9511823498874728E-040
  -15.800000190734863        7.0463765339281573E-040
  -15.699999809265137        1.6752480474937408E-039
  -15.600000381469727        3.9658255014029521E-039
  -15.500000000000000        9.3482970630687406E-039
  -15.400000572204590        2.1941846390699708E-038
  -15.300000190734863        5.1281246790881469E-038
  -15.199999809265137        1.1934054612297004E-037
  -15.100000381469727        2.7654085979042484E-037
  -15.000000000000000        6.3808054218058302E-037
  -14.900000572204590        1.4660003374014159E-036
  -14.800000190734863        3.3538054357041420E-036
  -14.699999809265137        7.6398748070830250E-036
  -14.600000381469727        1.7329143983360733E-035
  -14.500000000000000        3.9139330856143565E-035
  -14.400000572204590        8.8022299403269550E-035
  -14.300000190734863        1.9711413805198896E-034
  -14.199999809265137        4.3952948140146980E-034
  -14.100000381469727        9.7589125759900756E-034
  -14.000000000000000        2.1575497689516837E-033
  -13.900000572204590        4.7496755000860711E-033
  -13.800000190734863        1.0411501971321935E-032
  -13.699999809265137        2.2725248203773547E-032
  -13.600000381469727        4.9390998362234126E-032
  -13.500000000000000        1.0688913552623477E-031
  -13.400000572204590        2.3033704532133641E-031
  -13.300000190734863        4.9424351309521791E-031
  -13.199999809265137        1.0560017902926166E-030
  -13.100000381469727        2.2466377017369371E-030
  -13.000000000000000        4.7593614703378044E-030
  -12.900000572204590        1.0039442712975308E-029
  -12.800000190734863        2.1087163753969071E-029
  -12.699999809265137        4.4103592956010347E-029
  -12.600000381469727        9.1849190763757732E-029
  -12.500000000000000        1.9046917016998784E-028
  -12.400000572204590        3.9329658493705542E-028
  -12.300000190734863        8.0865647088578570E-028
  -12.199999809265137        1.6556022365514630E-027
  -12.100000381469727        3.3751604369949204E-027
  -12.000000000000000        6.8514364633684861E-027
  -11.900000572204590        1.3848920102745638E-026
  -11.800000190734863        2.7874007935421743E-026
  -11.699999809265137        5.5863978447345488E-026
  -11.600000381469727        1.1148380242601191E-025
  -11.500000000000000        2.2153449639882966E-025
  -11.400000572204590        4.3834799353845843E-025
  -11.300000190734863        8.6366800233057270E-025
  -11.199999809265137        1.6944335294204593E-024
  -11.100000381469727        3.3101737160889222E-024
  -11.000000000000000        6.4391372658584351E-024
  -10.900000572204590        1.2472506767424487E-023
  -10.800000190734863        2.4056418107791431E-023
  -10.699999809265137        4.6201825771789566E-023
  -10.600000381469727        8.8356198372628743E-023
  -10.500000000000000        1.6825447440641926E-022
  -10.400000572204590        3.1904106409773120E-022
  -10.300000190734863        6.0239145877900362E-022
  -10.199999809265137        1.1325650341415289E-021
  -10.100000381469727        2.1203056657405026E-021
  -10.000000000000000        3.9526348531688916E-021
  -9.9000005722045898        7.3371362727775571E-021
  -9.8000001907348633        1.3561881848279101E-020
  -9.6999998092651367        2.4961273182219573E-020
  -9.6000003814697266        4.5747343627810012E-020
  -9.5000000000000000        8.3487072588386458E-020
  -9.4000005722045898        1.5171400866347267E-019
  -9.3000001907348633        2.7452820614540164E-019
  -9.1999998092651367        4.9465577348045658E-019
  -9.1000003814697266        8.8750966241047563E-019
  -9.0000000000000000        1.5856186678184690E-018
  -8.9000005722045898        2.8208440938322111E-018
  -8.8000001907348633        4.9970737813363927E-018
  -8.6999998092651367        8.8147262567494582E-018
  -8.6000003814697266        1.5483084215280769E-017
  -8.5000000000000000        2.7080918260477319E-017
  -8.4000005722045898        4.7165637402386210E-017
  -8.3000001907348633        8.1798634189768278E-017
  -8.1999998092651367        1.4126173264648056E-016
  -8.1000003814697266        2.4291841666566748E-016
  -8.0000000000000000        4.1596368399017608E-016
  -7.9000000953674316        7.0926605788251008E-016
  -7.8000001907348633        1.2042653763153415E-015
  -7.7000002861022949        2.0360804667471029E-015
  -7.5999999046325684        3.4279009426553924E-015
  -7.5000000000000000        5.7467460955495667E-015
  -7.4000000953674316        9.5934915254079438E-015
  -7.3000001907348633        1.5947507693411968E-014
  -7.2000002861022949        2.6397990513942730E-014
  -7.0999999046325684        4.3512268573581077E-014
  -7.0000000000000000        7.1419256019010054E-014
  -6.9000000953674316        1.1672992781038390E-013
  -6.8000001907348633        1.8998221956145922E-013
  -6.7000002861022949        3.0789886148997252E-013
  -6.5999999046325684        4.9689943955636435E-013
  -6.5000000000000000        7.9853556379670135E-013
  -6.4000000953674316        1.2778679158243489E-012
  -6.3000001907348633        2.0363115379156852E-012
  -6.2000002861022949        3.2312431098583083E-012
  -6.0999999046325684        5.1057924130548600E-012
  -6.0000000000000000        8.0338723777975658E-012
  -5.9000000953674316        1.2587968254335209E-011
  -5.8000001907348633        1.9640654716246389E-011
  -5.7000002861022949        3.0515927411171103E-011
  -5.5999999046325684        4.7213747932511991E-011
  -5.5000000000000000        7.2741448692938370E-011
  -5.4000000953674316        1.1160091064247726E-010
  -5.3000001907348633        1.7050087564519219E-010
  -5.2000002861022949        2.5939365013326551E-010
  -5.0999999046325684        3.9297686654233079E-010
  -5.0000000000000000        5.9285701070548805E-010
  -4.9000000953674316        8.9065419206213942E-010
  -4.8000001907348633        1.3324328003261943E-009
  -4.7000002861022949        1.9849950606107538E-009
  -4.5999999046325684        2.9447783625987612E-009
  -4.5000000000000000        4.3503623271968868E-009
  -4.4000000953674316        6.3999833593490317E-009
  -4.3000001907348633        9.3759188648355509E-009
  -4.2000002861022949        1.3678277723573527E-008
  -4.0999999046325684        1.9871599862891732E-008
  -4.0000000000000000        2.8748740905328132E-008
  -3.9000000953674316        4.1418131958592222E-008
  -3.7999999523162842        5.9422251800038975E-008
  -3.7000000476837158        8.4897642534220340E-008
  -3.6000001430511475        1.2079008257468490E-007
  -3.5000000000000000        1.7114230367456240E-007
  -3.4000000953674316        2.4147659240057219E-007
  -3.2999999523162842        3.3930141693838813E-007
  -3.2000000476837158        4.7477789019119137E-007
  -3.1000001430511475        6.6159293928793091E-007
  -3.0000000000000000        9.1809646047345343E-007
  -2.9000000953674316        1.2687737529602623E-006
  -2.7999999523162842        1.7461441088958917E-006
  -2.7000000476837158        2.3931915103803577E-006
  -2.6000001430511475        3.2664642825790256E-006
  -2.5000000000000000        4.4400024430840938E-006
  -2.4000000953674316        6.0102834433793404E-006
  -2.2999999523162842        8.1024246889111147E-006
  -2.2000000476837158        1.0877900831973682E-005
  -2.1000001430511475        1.4544109390065035E-005
  -2.0000000000000000        1.9366143604939857E-005
  -1.8999999761581421        2.5681188347561326E-005
  -1.8000000715255737        3.3916036711032724E-005
  -1.7000000476837158        4.4608261636146156E-005
  -1.6000000238418579        5.8431625262113627E-005
  -1.5000000000000000        7.6226402067387019E-005
  -1.3999999761581421        9.9035311695970144E-005
  -1.3000000715255737        1.2814580367195909E-004
  -1.2000000476837158        1.6513951130117788E-004
  -1.1000000238418579        2.1194958675212940E-004
  -1.0000000000000000        2.7092676486196191E-004
 -0.90000003576278687        3.4491484276933060E-004
 -0.80000001192092896        4.3733628199084547E-004
 -0.69999998807907104        5.5228837306055397E-004
 -0.60000002384185791        6.9465039127217503E-004
 -0.50000000000000000        8.7020192134381539E-004
 -0.40000000596046448        1.0857520280343159E-003
 -0.30000001192092896        1.3492789763992273E-003
 -0.20000000298023224        1.6700794523762269E-003
 -0.10000000149011612        2.0589259002293378E-003
   0.0000000000000000        2.5282300942648384E-003
  0.10000000149011612        3.0922103526825231E-003
  0.20000000298023224        3.7670592403465301E-003
  0.30000001192092896        4.5711079208606261E-003
  0.40000000596046448        5.5249825703084718E-003
  0.50000000000000000        6.6517478030648008E-003
  0.60000002384185791        7.9770312008658577E-003
  0.69999998807907104        9.5291222814422455E-003
  0.80000001192092896        1.1339040104909976E-002
  0.90000003576278687        1.3440560828758760E-002
   1.0000000000000000        1.5870199139235940E-002
   1.1000000238418579        1.8667136765478005E-002
   1.2000000476837158        2.1873089405470919E-002
   1.3000000715255737        2.5532107777087375E-002
   1.3999999761581421        2.9690305910414778E-002
   1.5000000000000000        3.4395515809817000E-002
   1.6000000238418579        3.9696859875985056E-002
   1.7000000476837158        4.5644246169925309E-002
   1.8000000715255737        5.2287784886619601E-002
   1.8999999761581421        5.9677129236330152E-002
   2.0000000000000000        6.7860751280017256E-002
   2.1000001430511475        7.6885153372718007E-002
   2.2000000476837158        8.6794029041414450E-002
   2.2999999523162842        9.7627396935287505E-002
   2.4000000953674316       0.10942071091198591     
   2.5000000000000000       0.12220396175891812     
   2.6000001430511475       0.13600081387210450     
   2.7000000476837158       0.15082776298071107     
   2.7999999523162842       0.16669337229297676     
   2.9000000953674316       0.18359758500051596     
   3.0000000000000000       0.20153113405941489     
   3.1000001430511475       0.22047509401605228     
   3.2000000476837158       0.24040055606286331     
   3.2999999523162842       0.26126847811542658     
   3.4000000953674316       0.28302969728185640     
   3.5000000000000000       0.30562511452857422     
   3.6000001430511475       0.32898607589439938     
   3.7000000476837158       0.35303491912219265     
   3.7999999523162842       0.37768570914162014     
   3.9000000953674316       0.40284513251292980     
   4.0000000000000000       0.42841353957800499     
   4.0999999046325684       0.45428612512336736     
   4.2000002861022949       0.48035421282121138     
   4.3000001907348633       0.50650661980645917     
   4.4000000953674316       0.53263108026951933     
   4.5000000000000000       0.55861568798264161     
   4.5999999046325684       0.58435033232006783     
   4.7000002861022949       0.60972809395951499     
   4.8000001907348633       0.63464658001694751     
   4.9000000953674316       0.65900915354242862     
   5.0000000000000000       0.68272604924635394     
   5.0999999046325684       0.70571534649685164     
   5.2000002861022949       0.72790377992630406     
   5.3000001907348633       0.74922739459220555     
   5.4000000953674316       0.76963199912352309     
   5.5000000000000000       0.78907345164541332     
   5.5999999046325684       0.80751776140107800     
   5.7000002861022949       0.82494101082853644     
   5.8000001907348633       0.84132913270800547     
   5.9000000953674316       0.85667750720740143     
   6.0000000000000000       0.87099044423987471     
   6.0999999046325684       0.88428054595913563     
   6.2000002861022949       0.89656797020442025     
   6.3000001907348633       0.90787964030679291     
   6.4000000953674316       0.91824837540288562     
   6.5000000000000000       0.92771201076806664     
   6.5999999046325684       0.93631250460463533     
   6.7000002861022949       0.94409505136907756     
   6.8000001907348633       0.95110723793726115     
   6.9000000953674316       0.95739821869912944     
   7.0000000000000000       0.96301796128030315     
   7.0999999046325684       0.96801655292874977     
   7.2000002861022949       0.97244357626124778     
   7.3000001907348633       0.97634757241049530     
   7.4000000953674316       0.97977556694903967     
   7.5000000000000000       0.98277268626787129     
   7.5999999046325684       0.98538184869439172     
   7.7000002861022949       0.98764352823368640     
   7.8000001907348633       0.98959559417867837     
   7.9000000953674316       0.99127320443214517     
   8.0000000000000000       0.99270876271642317     
   8.1000003814697266       0.99393192314546208     
   8.1999998092651367       0.99496964236064123     
   8.3000001907348633       0.99584625711417607     
   8.4000005722045898       0.99658360229463938     
   8.5000000000000000       0.99720114473926080     
   8.6000003814697266       0.99771613048355878     
   8.6999998092651367       0.99814375001546285     
   8.8000001907348633       0.99849730116407076     
   8.9000005722045898       0.99878835955523892     
   9.0000000000000000       0.99902694392131663     
   9.1000003814697266       0.99922167540734463     
   9.1999998092651367       0.99937993294175143     
   9.3000001907348633       0.99950799630866538     
   9.4000005722045898       0.99961118178878172     
   9.5000000000000000       0.99969396577549996     
   9.6000003814697266       0.99976009696511325     
   9.6999998092651367       0.99981269874541923     
   9.8000001907348633       0.99985435946482015     
   9.9000005722045898       0.99988721331257946     
   10.000000000000000       0.99991301094670604     
   10.100000381469727       0.99993318093650452     
   10.199999809265137       0.99994888332351894     
   10.300000190734863       0.99996105520740708     
   10.400000572204590       0.99997044991089679     
   10.500000000000000       0.99997767000082938     
   10.600000381469727       0.99998319502532984     
   10.699999809265137       0.99998740481208570     
   10.800000190734863       0.99999059868787865     
   10.900000572204590       0.99999301141997332     
   11.000000000000000       0.99999482624400460     
   11.100000381469727       0.99999618547078950     
   11.199999809265137       0.99999719911070517     
   11.300000190734863       0.99999795178560080     
   11.400000572204590       0.99999850828450210     
   11.500000000000000       0.99999891797474594     
   11.600000381469727       0.99999921829099181     
   11.699999809265137       0.99999943748894626     
   11.800000190734863       0.99999959679270589     
   11.900000572204590       0.99999971207130955     
   12.000000000000000       0.99999979513398374     
   12.100000381469727       0.99999985472693786     
   12.199999809265137       0.99999989729839112     
   12.300000190734863       0.99999992757964162     
   12.400000572204590       0.99999994902643119     
   12.500000000000000       0.99999996415108283     
   12.600000381469727       0.99999997477146607     
   12.699999809265137       0.99999998219703345     
   12.800000190734863       0.99999998736656004     
   12.900000572204590       0.99999999095004066     
   13.000000000000000       0.99999999342343882     
   13.100000381469727       0.99999999512330462     
   13.199999809265137       0.99999999628654646     
   13.300000190734863       0.99999999707915166     
   13.400000572204590       0.99999999761689740     
   13.500000000000000       0.99999999798016936     
   13.600000381469727       0.99999999822452268     
   13.699999809265137       0.99999999838818154     
   13.800000190734863       0.99999999849732368     
   13.900000572204590       0.99999999856979704     
   14.000000000000000       0.99999999861771505     
   14.100000381469727       0.99999999864926159     
   14.199999809265137       0.99999999866994105     
   14.300000190734863       0.99999999868343870     
   14.400000572204590       0.99999999869221090     
   14.500000000000000       0.99999999869788758     
   14.600000381469727       0.99999999870154532     
   14.699999809265137       0.99999999870389211     
   14.800000190734863       0.99999999870539125     
   14.900000572204590       0.99999999870634482     
   15.000000000000000       0.99999999870694878     
   15.100000381469727       0.99999999870732970     
   15.199999809265137       0.99999999870756884     
   15.300000190734863       0.99999999870771838     
   15.400000572204590       0.99999999870781153     
   15.500000000000000       0.99999999870786926     
   15.600000381469727       0.99999999870790490     
   15.699999809265137       0.99999999870792677     
   15.800000190734863       0.99999999870794021     
   15.900000572204590       0.99999999870794842     
   16.000000000000000       0.99999999870795342     
   16.100000381469727       0.99999999870795642     
   16.200000762939453       0.99999999870795819     
   16.300001144409180       0.99999999870795930     
   16.399999618530273       0.99999999870795997     
   16.500000000000000       0.99999999870796030     
   16.600000381469727       0.99999999870796052     
   16.700000762939453       0.99999999870796064     
   16.800001144409180       0.99999999870796075     
   16.899999618530273       0.99999999870796075     
   17.000000000000000       0.99999999870796075     
   17.100000381469727       0.99999999870796075     
   17.200000762939453       0.99999999870796075     
   17.300001144409180       0.99999999870796075     
   17.399999618530273       0.99999999870796075     
   17.500000000000000       0.99999999870796075     
   17.600000381469727       0.99999999870796075     
   17.700000762939453       0.99999999870796075     
   17.800001144409180       0.99999999870796075     
   17.899999618530273       0.99999999870796075     
   18.000000000000000       0.99999999870796075     
   18.100000381469727       0.99999999870796075     
   18.200000762939453       0.99999999870796075     
   18.300001144409180       0.99999999870796075     
   18.399999618530273       0.99999999870796075     
   18.500000000000000       0.99999999870796075     
   18.600000381469727       0.99999999870796075     
   18.700000762939453       0.99999999870796075     
   18.800001144409180       0.99999999870796075     
   18.899999618530273       0.99999999870796075     
   19.000000000000000       0.99999999870796075     
   19.100000381469727       0.99999999870796075     
   19.200000762939453       0.99999999870796075     
   19.300001144409180       0.99999999870796075     
   19.399999618530273       0.99999999870796075     
   19.500000000000000       0.99999999870796075     
   19.600000381469727       0.99999999870796075     
   19.700000762939453       0.99999999870796075     
   19.800001144409180       0.99999999870796075     
   19.899999618530273       0.99999999870796075     
   20.000000000000000       0.99999999870796075     
   20.100000381469727       0.99999999870796075     
   20.200000762939453       0.99999999870796075     
   20.300001144409180       0.99999999870796075     
   20.399999618530273       0.99999999870796075     
   20.500000000000000       0.99999999870796075     
   20.600000381469727       0.99999999870796075     
   20.700000762939453       0.99999999870796075     
   20.800001144409180       0.99999999870796075     
   20.899999618530273       0.99999999870796075     
   21.000000000000000       0.99999999870796075     
   21.100000381469727       0.99999999870796075     
   21.200000762939453       0.99999999870796075     
   21.300001144409180       0.99999999870796075     
   21.399999618530273       0.99999999870796075     
   21.500000000000000       0.99999999870796075     
   21.600000381469727       0.99999999870796075     
   21.700000762939453       0.99999999870796075     
   21.800001144409180       0.99999999870796075     
   21.899999618530273       0.99999999870796075     
   22.000000000000000       0.99999999870796075     
   22.100000381469727       0.99999999870796075     
   22.200000762939453       0.99999999870796075     
   22.300001144409180       0.99999999870796075     
   22.399999618530273       0.99999999870796075     
   22.500000000000000       0.99999999870796075     
   22.600000381469727       0.99999999870796075     
   22.700000762939453       0.99999999870796075     
   22.800001144409180       0.99999999870796075     
   22.899999618530273       0.99999999870796075     
   23.000000000000000       0.99999999870796075     
   23.100000381469727       0.99999999870796075     
   23.200000762939453       0.99999999870796075     
   23.300001144409180       0.99999999870796075     
   23.399999618530273       0.99999999870796075     
   23.500000000000000       0.99999999870796075     
   23.600000381469727       0.99999999870796075     
   23.700000762939453       0.99999999870796075     
   23.800001144409180       0.99999999870796075     
   23.899999618530273       0.99999999870796075     
   24.000000000000000       0.99999999870796075     
   24.100000381469727       0.99999999870796075     
   24.200000762939453       0.99999999870796075     
   24.300001144409180       0.99999999870796075     
   24.399999618530273       0.99999999870796075     
   24.500000000000000       0.99999999870796075     
   24.600000381469727       0.99999999870796075     
   24.700000762939453       0.99999999870796075     
   24.800001144409180       0.99999999870796075     
   24.899999618530273       0.99999999870796075     
   25.000000000000000       0.99999999870796075     
   25.100000381469727       0.99999999870796075     
   25.200000762939453       0.99999999870796075     
   25.300001144409180       0.99999999870796075     
   25.399999618530273       0.99999999870796075     
   25.500000000000000       0.99999999870796075     
   25.600000381469727       0.99999999870796075     
   25.700000762939453       0.99999999870796075     
   25.800001144409180       0.99999999870796075     
   25.899999618530273       0.99999999870796075     
   26.000000000000000       0.99999999870796075     
   26.100000381469727       0.99999999870796075     
   26.200000762939453       0.99999999870796075     
   26.300001144409180       0.99999999870796075     
   26.399999618530273       0.99999999870796075     
   26.500000000000000       0.99999999870796075     
   26.600000381469727       0.99999999870796075     
   26.700000762939453       0.99999999870796075     
   26.800001144409180       0.99999999870796075     
   26.899999618530273       0.99999999870796075     
   27.000000000000000       0.99999999870796075     
   27.100000381469727       0.99999999870796075     
   27.200000762939453       0.99999999870796075     
   27.300001144409180       0.99999999870796075     
   27.399999618530273       0.99999999870796075     
   27.500000000000000       0.99999999870796075     
   27.600000381469727       0.99999999870796075     
   27.700000762939453       0.99999999870796075     
   27.800001144409180       0.99999999870796075     
   27.899999618530273       0.99999999870796075     
   28.000000000000000       0.99999999870796075     
   28.100000381469727       0.99999999870796075     
   28.200000762939453       0.99999999870796075     
   28.300001144409180       0.99999999870796075     
   28.399999618530273       0.99999999870796075     
   28.500000000000000       0.99999999870796075     
   28.600000381469727       0.99999999870796075     
   28.700000762939453       0.99999999870796075     
   28.800001144409180       0.99999999870796075     
   28.899999618530273       0.99999999870796075     
   29.000000000000000       0.99999999870796075     
   29.100000381469727       0.99999999870796075     
   29.200000762939453       0.99999999870796075     
   29.300001144409180       0.99999999870796075     
   29.399999618530273       0.99999999870796075     
   29.500000000000000       0.99999999870796075     
   29.600000381469727       0.99999999870796075     
   29.700000762939453       0.99999999870796075     
   29.800001144409180       0.99999999870796075     
   29.899999618530273       0.99999999870796075     
   30.000000000000000       0.99999999870796075     
   30.100000381469727       0.99999999870796075     
   30.200000762939453       0.99999999870796075     
   30.300001144409180       0.99999999870796075     
   30.399999618530273       0.99999999870796075     
   30.500000000000000       0.99999999870796075     
   30.600000381469727       0.99999999870796075     
   30.700000762939453       0.99999999870796075     
   30.800001144409180       0.99999999870796075     
   30.899999618530273       0.99999999870796075     
   31.000000000000000       0.99999999870796075     
   31.100000381469727       0.99999999870796075     
   31.200000762939453       0.99999999870796075     
   31.300001144409180       0.99999999870796075     
   31.399999618530273       0.99999999870796075     
   31.500000000000000       0.99999999870796075     
   31.600000381469727       0.99999999870796075     
   31.700000762939453       0.99999999870796075     
   31.800001144409180       0.99999999870796075     
   31.899999618530273       0.99999999870796075     
   32.000000000000000       0.99999999870796075     
   32.100002288818359       0.99999999870796075     
   32.200000762939453       0.99999999870796075     
   32.299999237060547       0.99999999870796075     
   32.400001525878906       0.99999999870796075     
   32.500000000000000       0.99999999870796075     
   32.600002288818359       0.99999999870796075     
   32.700000762939453       0.99999999870796075     
   32.799999237060547       0.99999999870796075     
   32.900001525878906       0.99999999870796075     
   33.000000000000000       0.99999999870796075     
   33.100002288818359       0.99999999870796075     
   33.200000762939453       0.99999999870796075     
   33.299999237060547       0.99999999870796075     
   33.400001525878906       0.99999999870796075     
   33.500000000000000       0.99999999870796075     
   33.600002288818359       0.99999999870796075     
   33.700000762939453       0.99999999870796075     
   33.799999237060547       0.99999999870796075     
   33.900001525878906       0.99999999870796075     
   34.000000000000000       0.99999999870796075     
   34.100002288818359       0.99999999870796075     
   34.200000762939453       0.99999999870796075     
   34.299999237060547       0.99999999870796075     
   34.400001525878906       0.99999999870796075     
   34.500000000000000       0.99999999870796075     
   34.600002288818359       0.99999999870796075     
   34.700000762939453       0.99999999870796075     
   34.799999237060547       0.99999999870796075     
   34.900001525878906       0.99999999870796075     
   35.000000000000000       0.99999999870796075     
   35.100002288818359       0.99999999870796075     
   35.200000762939453       0.99999999870796075     
   35.299999237060547       0.99999999870796075     
   35.400001525878906       0.99999999870796075     
   35.500000000000000       0.99999999870796075     
   35.600002288818359       0.99999999870796075     
   35.700000762939453       0.99999999870796075     
   35.799999237060547       0.99999999870796075     
   35.900001525878906       0.99999999870796075     
   36.000000000000000       0.99999999870796075     
   36.100002288818359       0.99999999870796075     
   36.200000762939453       0.99999999870796075     
   36.299999237060547       0.99999999870796075     
   36.400001525878906       0.99999999870796075     
   36.500000000000000       0.99999999870796075     
   36.600002288818359       0.99999999870796075     
   36.700000762939453       0.99999999870796075     
   36.799999237060547       0.99999999870796075     
   36.900001525878906       0.99999999870796075     
   37.000000000000000       0.99999999870796075     
   37.100002288818359       0.99999999870796075     
   37.200000762939453       0.99999999870796075     
   37.299999237060547       0.99999999870796075     
   37.400001525878906       0.99999999870796075     
   37.500000000000000       0.99999999870796075     
   37.600002288818359       0.99999999870796075     
   37.700000762939453       0.99999999870796075     
   37.799999237060547       0.99999999870796075     
   37.900001525878906       0.99999999870796075     
   38.000000000000000       0.99999999870796075     
   38.100002288818359       0.99999999870796075     
   38.200000762939453       0.99999999870796075     
   38.299999237060547       0.99999999870796075     
   38.400001525878906       0.99999999870796075     
   38.500000000000000       0.99999999870796075     
   38.600002288818359       0.99999999870796075     
   38.700000762939453       0.99999999870796075     
   38.799999237060547       0.99999999870796075     
   38.900001525878906       0.99999999870796075     
   39.000000000000000       0.99999999870796075     
   39.100002288818359       0.99999999870796075     
   39.200000762939453       0.99999999870796075     
   39.299999237060547       0.99999999870796075     
   39.400001525878906       0.99999999870796075     
   39.500000000000000       0.99999999870796075     
   39.600002288818359       0.99999999870796075     
   39.700000762939453       0.99999999870796075     
   39.799999237060547       0.99999999870796075     
   39.900001525878906       0.99999999870796075     
   40.000000000000000       0.99999999870796075     
   40.100002288818359       0.99999999870796075     
   40.200000762939453       0.99999999870796075     
   40.299999237060547       0.99999999870796075     
   40.400001525878906       0.99999999870796075     
   40.500000000000000       0.99999999870796075     
   40.600002288818359       0.99999999870796075     
   40.700000762939453       0.99999999870796075     
   40.799999237060547       0.99999999870796075     
   40.900001525878906       0.99999999870796075     
   41.000000000000000       0.99999999870796075     
   41.100002288818359       0.99999999870796075     
   41.200000762939453       0.99999999870796075     
   41.299999237060547       0.99999999870796075     
   41.400001525878906       0.99999999870796075     
   41.500000000000000       0.99999999870796075     
   41.600002288818359       0.99999999870796075     
   41.700000762939453       0.99999999870796075     
   41.799999237060547       0.99999999870796075     
   41.900001525878906       0.99999999870796075     
   42.000000000000000       0.99999999870796075     
   42.100002288818359       0.99999999870796075     
   42.200000762939453       0.99999999870796075     
   42.299999237060547       0.99999999870796075     
   42.400001525878906       0.99999999870796075     
   42.500000000000000       0.99999999870796075     
   42.600002288818359       0.99999999870796075     
   42.700000762939453       0.99999999870796075     
   42.799999237060547       0.99999999870796075     
   42.900001525878906       0.99999999870796075     
   43.000000000000000       0.99999999870796075     
   43.100002288818359       0.99999999870796075     
   43.200000762939453       0.99999999870796075     
   43.299999237060547       0.99999999870796075     
   43.400001525878906       0.99999999870796075     
   43.500000000000000       0.99999999870796075     
   43.600002288818359       0.99999999870796075     
   43.700000762939453       0.99999999870796075     
   43.799999237060547       0.99999999870796075     
   43.900001525878906       0.99999999870796075     
   44.000000000000000       0.99999999870796075     
   44.100002288818359       0.99999999870796075     
   44.200000762939453       0.99999999870796075     
   44.299999237060547       0.99999999870796075     
   44.400001525878906       0.99999999870796075     
   44.500000000000000       0.99999999870796075     
   44.600002288818359       0.99999999870796075     
   44.700000762939453       0.99999999870796075     
   44.799999237060547       0.99999999870796075     
   44.900001525878906       0.99999999870796075     
   45.000000000000000       0.99999999870796075     
   45.100002288818359       0.99999999870796075     
   45.200000762939453       0.99999999870796075     
   45.299999237060547       0.99999999870796075     
   45.400001525878906       0.99999999870796075     
   45.500000000000000       0.99999999870796075     
   45.600002288818359       0.99999999870796075     
   45.700000762939453       0.99999999870796075     
   45.799999237060547       0.99999999870796075     
   45.900001525878906       0.99999999870796075     
   46.000000000000000       0.99999999870796075     
   46.100002288818359       0.99999999870796075     
   46.200000762939453       0.99999999870796075     
   46.299999237060547       0.99999999870796075     
   46.400001525878906       0.99999999870796075     
   46.500000000000000       0.99999999870796075     
   46.600002288818359       0.99999999870796075     
   46.700000762939453       0.99999999870796075     
   46.799999237060547       0.99999999870796075     
   46.900001525878906       0.99999999870796075     
   47.000000000000000       0.99999999870796075     
   47.100002288818359       0.99999999870796075     
   47.200000762939453       0.99999999870796075     
   47.299999237060547       0.99999999870796075     
   47.400001525878906       0.99999999870796075     
   47.500000000000000       0.99999999870796075     
   47.600002288818359       0.99999999870796075     
   47.700000762939453       0.99999999870796075     
   47.799999237060547       0.99999999870796075     
   47.900001525878906       0.99999999870796075     
   48.000000000000000       0.99999999870796075     
   48.100002288818359       0.99999999870796075     
   48.200000762939453       0.99999999870796075     
   48.299999237060547       0.99999999870796075     
   48.400001525878906       0.99999999870796075     
   48.500000000000000       0.99999999870796075     
   48.600002288818359       0.99999999870796075     
   48.700000762939453       0.99999999870796075     
   48.799999237060547       0.99999999870796075     
   48.900001525878906       0.99999999870796075     
   49.000000000000000       0.99999999870796075     
   49.100002288818359       0.99999999870796075     
   49.200000762939453       0.99999999870796075     
   49.299999237060547       0.99999999870796075     
   49.400001525878906       0.99999999870796075     
   49.500000000000000       0.99999999870796075     
   49.600002288818359       0.99999999870796075     
   49.700000762939453       0.99999999870796075     
   49.799999237060547       0.99999999870796075     
   49.900001525878906       0.99999999870796075     
   50.000000000000000       0.99999999870796075     
   50.100002288818359       0.99999999870796075     
   50.200000762939453       0.99999999870796075     
   50.299999237060547       0.99999999870796075     
   50.400001525878906       0.99999999870796075     
   50.500000000000000       0.99999999870796075     
   50.600002288818359       0.99999999870796075     
   50.700000762939453       0.99999999870796075     
   50.799999237060547       0.99999999870796075     
   50.900001525878906       0.99999999870796075     
   51.000000000000000       0.99999999870796075     
   51.100002288818359       0.99999999870796075     
   51.200000762939453       0.99999999870796075     
   51.299999237060547       0.99999999870796075     
   51.400001525878906       0.99999999870796075     
   51.500000000000000       0.99999999870796075     
   51.600002288818359       0.99999999870796075     
   51.700000762939453       0.99999999870796075     
   51.799999237060547       0.99999999870796075     
   51.900001525878906       0.99999999870796075     
   52.000000000000000       0.99999999870796075     
   52.100002288818359       0.99999999870796075     
   52.200000762939453       0.99999999870796075     
   52.299999237060547       0.99999999870796075     
   52.400001525878906       0.99999999870796075     
   52.500000000000000       0.99999999870796075     
   52.600002288818359       0.99999999870796075     
   52.700000762939453       0.99999999870796075     
   52.799999237060547       0.99999999870796075     
   52.900001525878906       0.99999999870796075     
   53.000000000000000       0.99999999870796075     
   53.100002288818359       0.99999999870796075     
   53.200000762939453       0.99999999870796075     
   53.299999237060547       0.99999999870796075     
   53.400001525878906       0.99999999870796075     
   53.500000000000000       0.99999999870796075     
   53.600002288818359       0.99999999870796075     
   53.700000762939453       0.99999999870796075     
   53.799999237060547       0.99999999870796075     
   53.900001525878906       0.99999999870796075     
   54.000000000000000       0.99999999870796075     
   54.100002288818359       0.99999999870796075     
   54.200000762939453       0.99999999870796075     
   54.299999237060547       0.99999999870796075     
   54.400001525878906       0.99999999870796075     
   54.500000000000000       0.99999999870796075     
   54.600002288818359       0.99999999870796075     
   54.700000762939453       0.99999999870796075     
   54.799999237060547       0.99999999870796075     
   54.900001525878906       0.99999999870796075     
   55.000000000000000       0.99999999870796075     
   55.100002288818359       0.99999999870796075     
   55.200000762939453       0.99999999870796075     
   55.299999237060547       0.99999999870796075     
   55.400001525878906       0.99999999870796075     
   55.500000000000000       0.99999999870796075     
   55.600002288818359       0.99999999870796075     
   55.700000762939453       0.99999999870796075     
   55.799999237060547       0.99999999870796075     
   55.900001525878906       0.99999999870796075     
   56.000000000000000       0.99999999870796075     
   56.100002288818359       0.99999999870796075     
   56.200000762939453       0.99999999870796075     
   56.299999237060547       0.99999999870796075     
   56.400001525878906       0.99999999870796075     
   56.500000000000000       0.99999999870796075     
   56.600002288818359       0.99999999870796075     
   56.700000762939453       0.99999999870796075     
   56.799999237060547       0.99999999870796075     
   56.900001525878906       0.99999999870796075     
   57.000000000000000       0.99999999870796075     
   57.100002288818359       0.99999999870796075     
   57.200000762939453       0.99999999870796075     
   57.299999237060547       0.99999999870796075     
   57.400001525878906       0.99999999870796075     
   57.500000000000000       0.99999999870796075     
   57.600002288818359       0.99999999870796075     
   57.700000762939453       0.99999999870796075     
   57.799999237060547       0.99999999870796075     
   57.900001525878906       0.99999999870796075     
   58.000000000000000       0.99999999870796075     
   58.100002288818359       0.99999999870796075     
   58.200000762939453       0.99999999870796075     
   58.299999237060547       0.99999999870796075     
   58.400001525878906       0.99999999870796075     
   58.500000000000000       0.99999999870796075     
   58.600002288818359       0.99999999870796075     
   58.700000762939453       0.99999999870796075     
   58.799999237060547       0.99999999870796075     
   58.900001525878906       0.99999999870796075     
   59.000000000000000       0.99999999870796075     
   59.100002288818359       0.99999999870796075     
   59.200000762939453       0.99999999870796075     
   59.299999237060547       0.99999999870796075     
   59.400001525878906       0.99999999870796075     
   59.500000000000000       0.99999999870796075     
   59.600002288818359       0.99999999870796075     
   59.700000762939453       0.99999999870796075     
   59.799999237060547       0.99999999870796075     
   59.900001525878906       0.99999999870796075     
   60.000000000000000       0.99999999870796075     
   60.100002288818359       0.99999999870796075     
   60.200000762939453       0.99999999870796075     
   60.299999237060547       0.99999999870796075     
   60.400001525878906       0.99999999870796075     
   60.500000000000000       0.99999999870796075     
   60.600002288818359       0.99999999870796075     
   60.700000762939453       0.99999999870796075     
   60.799999237060547       0.99999999870796075     
   60.900001525878906       0.99999999870796075     
   61.000000000000000       0.99999999870796075     
   61.100002288818359       0.99999999870796075     
   61.200000762939453       0.99999999870796075     
   61.299999237060547       0.99999999870796075     
   61.400001525878906       0.99999999870796075     
   61.500000000000000       0.99999999870796075     
   61.600002288818359       0.99999999870796075     
   61.700000762939453       0.99999999870796075     
   61.799999237060547       0.99999999870796075     
   61.900001525878906       0.99999999870796075     
   62.000000000000000       0.99999999870796075     
   62.100002288818359       0.99999999870796075     
   62.200000762939453       0.99999999870796075     
   62.299999237060547       0.99999999870796075     
   62.400001525878906       0.99999999870796075     
   62.500000000000000       0.99999999870796075     
   62.600002288818359       0.99999999870796075     
   62.700000762939453       0.99999999870796075     
   62.799999237060547       0.99999999870796075     
   62.900001525878906       0.99999999870796075     
   63.000000000000000       0.99999999870796075     
   63.100002288818359       0.99999999870796075     
   63.200000762939453       0.99999999870796075     
   63.299999237060547       0.99999999870796075     
   63.400001525878906       0.99999999870796075     
   63.500000000000000       0.99999999870796075     
   63.600002288818359       0.99999999870796075     
   63.700000762939453       0.99999999870796075     
   63.799999237060547       0.99999999870796075     
   63.900001525878906       0.99999999870796075     
   64.000000000000000       0.99999999870796075     
   64.099998474121094       0.99999999870796075     
   64.200004577636719       0.99999999870796075     
   64.300003051757812       0.99999999870796075     
   64.400001525878906       0.99999999870796075     
   64.500000000000000       0.99999999870796075     
   64.599998474121094       0.99999999870796075     
   64.700004577636719       0.99999999870796075     
   64.800003051757812       0.99999999870796075     
   64.900001525878906       0.99999999870796075     
   65.000000000000000       0.99999999870796075     
   65.099998474121094       0.99999999870796075     
   65.200004577636719       0.99999999870796075     
   65.300003051757812       0.99999999870796075     
   65.400001525878906       0.99999999870796075     
   65.500000000000000       0.99999999870796075     
   65.599998474121094       0.99999999870796075     
   65.700004577636719       0.99999999870796075     
   65.800003051757812       0.99999999870796075     
   65.900001525878906       0.99999999870796075     
   66.000000000000000       0.99999999870796075     
   66.099998474121094       0.99999999870796075     
   66.200004577636719       0.99999999870796075     
   66.300003051757812       0.99999999870796075     
   66.400001525878906       0.99999999870796075     
   66.500000000000000       0.99999999870796075     
   66.599998474121094       0.99999999870796075     
   66.700004577636719       0.99999999870796075     
   66.800003051757812       0.99999999870796075     
   66.900001525878906       0.99999999870796075     
   67.000000000000000       0.99999999870796075     
   67.099998474121094       0.99999999870796075     
   67.200004577636719       0.99999999870796075     
   67.300003051757812       0.99999999870796075     
   67.400001525878906       0.99999999870796075     
   67.500000000000000       0.99999999870796075     
   67.599998474121094       0.99999999870796075     
   67.700004577636719       0.99999999870796075     
   67.800003051757812       0.99999999870796075     
   67.900001525878906       0.99999999870796075     
   68.000000000000000       0.99999999870796075     
   68.099998474121094       0.99999999870796075     
   68.200004577636719       0.99999999870796075     
   68.300003051757812       0.99999999870796075     
   68.400001525878906       0.99999999870796075     
   68.500000000000000       0.99999999870796075     
   68.599998474121094       0.99999999870796075     
   68.700004577636719       0.99999999870796075     
   68.800003051757812       0.99999999870796075     
   68.900001525878906       0.99999999870796075     
   69.000000000000000       0.99999999870796075     
   69.099998474121094       0.99999999870796075     
   69.200004577636719       0.99999999870796075     
   69.300003051757812       0.99999999870796075     
   69.400001525878906       0.99999999870796075     
   69.500000000000000       0.99999999870796075     
   69.599998474121094       0.99999999870796075     
   69.700004577636719       0.99999999870796075     
   69.800003051757812       0.99999999870796075     
   69.900001525878906       0.99999999870796075     
   70.000000000000000       0.99999999870796075     
