1 3.70578
2 2.74444
3 3.35127
4 2.56617
5 5.31406
6 6.10748
7 6.15621
8 2.28382
9 3.35336
10 5.50479
11 7.2025
12 1.56619
13 3.5989
14 0.393501
15 3.27853
16 4.39589
17 4.08304
18 2.65873
19 1.9151
20 4.58975
21 4.29439
22 4.84695
23 3.22508
24 2.81635
25 4.32029
26 5.69204
27 1.86527
28 1.94543
29 2.38242
30 3.14464
31 4.01108
32 3.39597
33 6.80734
34 5.22007
35 4.62347
36 2.32507
37 1.95211
38 3.99996
39 5.13483
40 3.15363
41 4.10121
42 4.01605
43 5.69241
44 3.99294
45 2.71924
46 5.71553
47 5.18552
48 2.7314
49 3.10731
50 1.73766
51 6.50362
52 5.6635
53 2.43805
54 0.485445
55 4.38692
56 3.31686
57 4.59378
58 4.02032
59 5.24492
60 6.51877
61 6.34611
62 5.52456
63 4.02726
64 3.89573
65 4.96134
66 7.50175
67 3.28822
68 6.11777
69 5.61573
70 4.60218
71 3.19016
72 2.01124
73 5.38672
74 3.44225
75 5.99071
76 4.60104
77 6.77932
78 5.37677
79 3.79054
80 5.12592
81 5.34459
82 5.32312
83 4.44133
84 2.65423
85 4.81635
86 5.4584
87 4.45127
88 2.6827
89 4.65704
90 4.24248
91 4.18487
92 4.92621
93 4.7534
94 3.93271
95 4.63381
96 4.54031
97 1.4646
98 6.73358
99 5.11826
100 2.5626
101 2.70361
102 3.6362
103 6.17071
104 5.26594
105 6.1965
106 5.44604
107 3.41751
108 1.29999
109 6.89584
110 2.73177
111 6.84428
112 2.11192
113 0.566822
114 3.17529
115 5.11935
116 3.16632
117 5.42573
118 5.15713
119 4.30857
120 2.90842
121 3.95203
122 4.48485
123 6.5246
124 1.82784
125 6.49475
126 5.56335
127 4.04783
128 5.02041
129 3.9506
130 6.24052
131 6.7077
132 2.68654
133 3.97675
134 3.90594
135 4.35969
136 4.91091
137 5.69096
138 4.7911
139 8.11931
140 0.139517
141 4.96852
142 4.77109
143 5.65283
144 4.19411
145 3.67875
146 5.66953
147 3.69751
148 5.19723
149 3.44959
150 6.09164
151 2.22092
152 6.61117
153 4.7701
154 5.32037
155 5.75214
156 6.72772
157 6.09949
158 6.29253
159 4.54558
160 2.81627
161 3.84656
162 2.67172
163 4.04313
164 5.82872
165 2.72616
166 3.14484
167 5.93993
168 4.93286
169 3.38704
170 3.6307
171 3.90056
172 4.17561
173 3.61897
174 3.55133
175 3.7488
176 5.99266
177 4.37421
178 4.7878
179 3.39824
180 5.07014
181 5.14138
182 3.28789
183 3.51288
184 4.46485
185 8.4122
186 5.48776
187 4.05541
188 5.75562
189 5.25758
190 7.2038
191 1.69111
192 2.2894
193 4.30296
194 3.84742
195 4.57266
196 5.15186
197 2.20407
198 4.29888
199 6.77605
200 3.47691
