  -70.000000000000000        0.0000000000000000     
  -69.900001525878906        0.0000000000000000     
  -69.800003051757812        0.0000000000000000     
  -69.700004577636719        0.0000000000000000     
  -69.599998474121094        0.0000000000000000     
  -69.500000000000000        0.0000000000000000     
  -69.400001525878906        0.0000000000000000     
  -69.300003051757812        0.0000000000000000     
  -69.200004577636719        0.0000000000000000     
  -69.099998474121094        0.0000000000000000     
  -69.000000000000000        0.0000000000000000     
  -68.900001525878906        0.0000000000000000     
  -68.800003051757812        0.0000000000000000     
  -68.700004577636719        0.0000000000000000     
  -68.599998474121094        0.0000000000000000     
  -68.500000000000000        0.0000000000000000     
  -68.400001525878906        0.0000000000000000     
  -68.300003051757812        0.0000000000000000     
  -68.200004577636719        0.0000000000000000     
  -68.099998474121094        0.0000000000000000     
  -68.000000000000000        0.0000000000000000     
  -67.900001525878906        0.0000000000000000     
  -67.800003051757812        0.0000000000000000     
  -67.700004577636719        0.0000000000000000     
  -67.599998474121094        0.0000000000000000     
  -67.500000000000000        0.0000000000000000     
  -67.400001525878906        0.0000000000000000     
  -67.300003051757812        0.0000000000000000     
  -67.200004577636719        0.0000000000000000     
  -67.099998474121094        0.0000000000000000     
  -67.000000000000000        0.0000000000000000     
  -66.900001525878906        0.0000000000000000     
  -66.800003051757812        0.0000000000000000     
  -66.700004577636719        0.0000000000000000     
  -66.599998474121094        0.0000000000000000     
  -66.500000000000000        0.0000000000000000     
  -66.400001525878906        0.0000000000000000     
  -66.300003051757812        0.0000000000000000     
  -66.200004577636719        0.0000000000000000     
  -66.099998474121094        0.0000000000000000     
  -66.000000000000000        0.0000000000000000     
  -65.900001525878906        0.0000000000000000     
  -65.800003051757812        0.0000000000000000     
  -65.700004577636719        0.0000000000000000     
  -65.599998474121094        0.0000000000000000     
  -65.500000000000000        0.0000000000000000     
  -65.400001525878906        0.0000000000000000     
  -65.300003051757812        0.0000000000000000     
  -65.200004577636719        0.0000000000000000     
  -65.099998474121094        0.0000000000000000     
  -65.000000000000000        0.0000000000000000     
  -64.900001525878906        0.0000000000000000     
  -64.800003051757812        0.0000000000000000     
  -64.700004577636719        0.0000000000000000     
  -64.599998474121094        0.0000000000000000     
  -64.500000000000000        0.0000000000000000     
  -64.400001525878906        0.0000000000000000     
  -64.300003051757812        0.0000000000000000     
  -64.200004577636719        0.0000000000000000     
  -64.099998474121094        0.0000000000000000     
  -64.000000000000000        0.0000000000000000     
  -63.900001525878906        0.0000000000000000     
  -63.799999237060547        0.0000000000000000     
  -63.700000762939453        0.0000000000000000     
  -63.600002288818359        0.0000000000000000     
  -63.500000000000000        0.0000000000000000     
  -63.400001525878906        0.0000000000000000     
  -63.299999237060547        0.0000000000000000     
  -63.200000762939453        0.0000000000000000     
  -63.100002288818359        0.0000000000000000     
  -63.000000000000000        0.0000000000000000     
  -62.900001525878906        0.0000000000000000     
  -62.799999237060547        0.0000000000000000     
  -62.700000762939453        0.0000000000000000     
  -62.600002288818359        0.0000000000000000     
  -62.500000000000000        0.0000000000000000     
  -62.400001525878906        0.0000000000000000     
  -62.299999237060547        0.0000000000000000     
  -62.200000762939453        0.0000000000000000     
  -62.100002288818359        0.0000000000000000     
  -62.000000000000000        0.0000000000000000     
  -61.900001525878906        0.0000000000000000     
  -61.799999237060547        0.0000000000000000     
  -61.700000762939453        0.0000000000000000     
  -61.600002288818359        0.0000000000000000     
  -61.500000000000000        0.0000000000000000     
  -61.400001525878906        0.0000000000000000     
  -61.299999237060547        0.0000000000000000     
  -61.200000762939453        0.0000000000000000     
  -61.100002288818359        0.0000000000000000     
  -61.000000000000000        0.0000000000000000     
  -60.900001525878906        0.0000000000000000     
  -60.799999237060547        0.0000000000000000     
  -60.700000762939453        0.0000000000000000     
  -60.600002288818359        0.0000000000000000     
  -60.500000000000000        0.0000000000000000     
  -60.400001525878906        0.0000000000000000     
  -60.299999237060547        0.0000000000000000     
  -60.200000762939453        0.0000000000000000     
  -60.100002288818359        0.0000000000000000     
  -60.000000000000000        0.0000000000000000     
  -59.900001525878906        0.0000000000000000     
  -59.799999237060547        0.0000000000000000     
  -59.700000762939453        0.0000000000000000     
  -59.600002288818359        0.0000000000000000     
  -59.500000000000000        0.0000000000000000     
  -59.400001525878906        0.0000000000000000     
  -59.299999237060547        0.0000000000000000     
  -59.200000762939453        0.0000000000000000     
  -59.100002288818359        0.0000000000000000     
  -59.000000000000000        0.0000000000000000     
  -58.900001525878906        0.0000000000000000     
  -58.799999237060547        0.0000000000000000     
  -58.700000762939453        0.0000000000000000     
  -58.600002288818359        0.0000000000000000     
  -58.500000000000000        0.0000000000000000     
  -58.400001525878906        0.0000000000000000     
  -58.299999237060547        0.0000000000000000     
  -58.200000762939453        0.0000000000000000     
  -58.100002288818359        0.0000000000000000     
  -58.000000000000000        0.0000000000000000     
  -57.900001525878906        0.0000000000000000     
  -57.799999237060547        0.0000000000000000     
  -57.700000762939453        0.0000000000000000     
  -57.600002288818359        0.0000000000000000     
  -57.500000000000000        0.0000000000000000     
  -57.400001525878906        0.0000000000000000     
  -57.299999237060547        0.0000000000000000     
  -57.200000762939453        0.0000000000000000     
  -57.100002288818359        0.0000000000000000     
  -57.000000000000000        0.0000000000000000     
  -56.900001525878906        0.0000000000000000     
  -56.799999237060547        0.0000000000000000     
  -56.700000762939453        0.0000000000000000     
  -56.600002288818359        0.0000000000000000     
  -56.500000000000000        0.0000000000000000     
  -56.400001525878906        0.0000000000000000     
  -56.299999237060547        0.0000000000000000     
  -56.200000762939453        0.0000000000000000     
  -56.100002288818359        0.0000000000000000     
  -56.000000000000000        0.0000000000000000     
  -55.900001525878906        0.0000000000000000     
  -55.799999237060547        0.0000000000000000     
  -55.700000762939453        0.0000000000000000     
  -55.600002288818359        0.0000000000000000     
  -55.500000000000000        0.0000000000000000     
  -55.400001525878906        0.0000000000000000     
  -55.299999237060547        0.0000000000000000     
  -55.200000762939453        0.0000000000000000     
  -55.100002288818359        0.0000000000000000     
  -55.000000000000000        0.0000000000000000     
  -54.900001525878906        0.0000000000000000     
  -54.799999237060547        0.0000000000000000     
  -54.700000762939453        0.0000000000000000     
  -54.600002288818359        0.0000000000000000     
  -54.500000000000000        4.9406564584124654E-324
  -54.400001525878906        3.4584595208887258E-323
  -54.299999237060547        4.1007448604823463E-322
  -54.200000762939453        5.0691135263311895E-321
  -54.100002288818359        6.2563532732877050E-320
  -54.000000000000000        7.6932937976523864E-319
  -53.900001525878906        9.4187884218141895E-318
  -53.799999237060547        1.1482912675241708E-316
  -53.700000762939453        1.3938013949462807E-315
  -53.600002288818359        1.6845463018750144E-314
  -53.500000000000000        2.0273998737403308E-313
  -53.400001525878906        2.4293374837010278E-312
  -53.299999237060547        2.8987485799655787E-311
  -53.200000762939453        3.4437004124795701E-310
  -53.100002288818359        4.0735532775493651E-309
  -53.000000000000000        4.7983893761357073E-308
  -52.900001525878906        5.6274274235228073E-307
  -52.799999237060547        6.5720101264517911E-306
  -52.700000762939453        7.6415070364486333E-305
  -52.600002288818359        8.8469390485344780E-304
  -52.500000000000000        1.0199543743617273E-302
  -52.400001525878906        1.1707418424178187E-301
  -52.299999237060547        1.3381816962258627E-300
  -52.200000762939453        1.5228665882957831E-299
  -52.100002288818359        1.7256068491602492E-298
  -52.000000000000000        1.9471310807733076E-297
  -51.900001525878906        2.1874672736509207E-296
  -51.799999237060547        2.4471530555147224E-295
  -51.700000762939453        2.7256738376901823E-294
  -51.600002288818359        3.0228727305002950E-293
  -51.500000000000000        3.3384034441375617E-292
  -51.400001525878906        3.6707192942186990E-291
  -51.299999237060547        4.0191699134829335E-290
  -51.200000762939453        4.3814221470017983E-289
  -51.100002288818359        4.7558380371525125E-288
  -51.000000000000000        5.1405742517308883E-287
  -50.900001525878906        5.5320993521734405E-286
  -50.799999237060547        5.9284448867245361E-285
  -50.700000762939453        6.3253636571467852E-284
  -50.600002288818359        6.7199096745608720E-283
  -50.500000000000000        7.1090838996213497E-282
  -50.400001525878906        7.4878641043372991E-281
  -50.299999237060547        7.8537015445337687E-280
  -50.200000762939453        8.2013450685364318E-279
  -50.100002288818359        8.5276428130395629E-278
  -50.000000000000000        8.8296772481094231E-277
  -49.900001525878906        9.1023833693324229E-276
  -49.799999237060547        9.3440937243438195E-275
  -49.700000762939453        9.5502305828133522E-274
  -49.600002288818359        9.7190485891951540E-273
  -49.500000000000000        9.8492963459315469E-272
  -49.400001525878906        9.9375992303316451E-271
  -49.299999237060547        9.9845653733828720E-270
  -49.200000762939453        9.9878455072052688E-269
  -49.100002288818359        9.9482729309741001E-268
  -49.000000000000000        9.8672189836129089E-267
  -48.900001525878906        9.7439942691292293E-266
  -48.799999237060547        9.5818712286867230E-265
  -48.700000762939453        9.3812122268738384E-264
  -48.600002288818359        9.1453602188490960E-263
  -48.500000000000000        8.8779667632470960E-262
  -48.400001525878906        8.5806808225716457E-261
  -48.299999237060547        8.2584906519588730E-260
  -48.200000762939453        7.9136218186951956E-259
  -48.100002288818359        7.5506289184018175E-258
  -48.000000000000000        7.1740012706648313E-257
  -47.900001525878906        6.7863407434180168E-256
  -47.799999237060547        6.3926395782246788E-255
  -47.700000762939453        5.9954365269180143E-254
  -47.600002288818359        5.5987957486943578E-253
  -47.500000000000000        5.2064124524856043E-252
  -47.400001525878906        4.8203521007303287E-251
  -47.299999237060547        4.4441523983086777E-250
  -47.200000762939453        4.0793926888330942E-249
  -47.100002288818359        3.7285099598142457E-248
  -47.000000000000000        3.3934767418580394E-247
  -46.900001525878906        3.0750419790759680E-246
  -46.799999237060547        2.7747691259274181E-245
  -46.700000762939453        2.4928686911953189E-244
  -46.600002288818359        2.2300016130554932E-243
  -46.500000000000000        1.9864624967447017E-242
  -46.400001525878906        1.7617834335013781E-241
  -46.299999237060547        1.5559439566576172E-240
  -46.200000762939453        1.3681461082502912E-239
  -46.100002288818359        1.1978549533838516E-238
  -46.000000000000000        1.0443475440763904E-237
  -45.900001525878906        9.0653208784194410E-237
  -45.799999237060547        7.8359243213436663E-236
  -45.700000762939453        6.7436456506526637E-235
  -45.600002288818359        5.7787309571535939E-234
  -45.500000000000000        4.9310444291067766E-233
  -45.400001525878906        4.1893150948742119E-232
  -45.299999237060547        3.5441794414847236E-231
  -45.200000762939453        2.9852876939665325E-230
  -45.100002288818359        2.5037438974327513E-229
  -45.000000000000000        2.0910382042252309E-228
  -44.900001525878906        1.7387296430769093E-227
  -44.799999237060547        1.4396945394108878E-226
  -44.700000762939453        1.1868800385382653E-225
  -44.600002288818359        9.7426369322497548E-225
  -44.500000000000000        7.9636874318646406E-224
  -44.400001525878906        6.4811231896652727E-223
  -44.299999237060547        5.2523565388702517E-222
  -44.200000762939453        4.2379579874943238E-221
  -44.100002288818359        3.4048055914946462E-220
  -44.000000000000000        2.7239280417924841E-219
  -43.900001525878906        2.1696899665827245E-218
  -43.799999237060547        1.7209459356477170E-217
  -43.700000762939453        1.3590506876995700E-216
  -43.600002288818359        1.0686544702102329E-215
  -43.500000000000000        8.3677026988031190E-215
  -43.400001525878906        6.5234039344720946E-214
  -43.299999237060547        5.0641835845337884E-213
  -43.200000762939453        3.9142075338733422E-212
  -43.100002288818359        3.0123919634203038E-211
  -43.000000000000000        2.3085858990287880E-210
  -42.900001525878906        1.7614894566058351E-209
  -42.799999237060547        1.3383843250383720E-208
  -42.700000762939453        1.0124678200731123E-207
  -42.600002288818359        7.6263167657100747E-207
  -42.500000000000000        5.7202501617014283E-206
  -42.400001525878906        4.2718403261104740E-205
  -42.299999237060547        3.1767382211856955E-204
  -42.200000762939453        2.3520567441956765E-203
  -42.100002288818359        1.7339931847068925E-202
  -42.000000000000000        1.2729554117829371E-201
  -41.900001525878906        9.3042026407031355E-201
  -41.799999237060547        6.7719103691361649E-200
  -41.700000762939453        4.9073106103064025E-199
  -41.600002288818359        3.5408629576197757E-198
  -41.500000000000000        2.5441373142769634E-197
  -41.400001525878906        1.8200046441005106E-196
  -41.299999237060547        1.2964929530350139E-195
  -41.200000762939453        9.1953547072952568E-195
  -41.100002288818359        6.4938168713746701E-194
  -41.000000000000000        4.5666432968585295E-193
  -40.900001525878906        3.1973856248928041E-192
  -40.799999237060547        2.2292475913525034E-191
  -40.700000762939453        1.5474713309056106E-190
  -40.600002288818359        1.0695969160122205E-189
  -40.500000000000000        7.3617797224224438E-189
  -40.400001525878906        5.0448322099324839E-188
  -40.299999237060547        3.4425133876199977E-187
  -40.200000762939453        2.3388691381762514E-186
  -40.100002288818359        1.5822293386613597E-185
  -40.000000000000000        1.0658540339316431E-184
  -39.900001525878906        7.1487090324130291E-184
  -39.799999237060547        4.7744368773953062E-183
  -39.700000762939453        3.1748149819185794E-182
  -39.600002288818359        2.1020735646746488E-181
  -39.500000000000000        1.3859317187691548E-180
  -39.400001525878906        9.0978275700162561E-180
  -39.299999237060547        5.9469989286540750E-179
  -39.200000762939453        3.8704379121175852E-178
  -39.100002288818359        2.5081619455018076E-177
  -39.000000000000000        1.6185090105996153E-176
  -38.900001525878906        1.0398650181008638E-175
  -38.799999237060547        6.6527737012246452E-175
  -38.700000762939453        4.2377074838304891E-174
  -38.600002288818359        2.6877719935456368E-173
  -38.500000000000000        1.6975305352840276E-172
  -38.400001525878906        1.0674447896143607E-171
  -38.299999237060547        6.6840059486865357E-171
  -38.200000762939453        4.1670722641073767E-170
  -38.100002288818359        2.5867738414941154E-169
  -38.000000000000000        1.5990029132230404E-168
  -37.900001525878906        9.8410867740554438E-168
  -37.799999237060547        6.0311494582724626E-167
  -37.700000762939453        3.6801055482523371E-166
  -37.600002288818359        2.2359067293803058E-165
  -37.500000000000000        1.3527268212581905E-164
  -37.400001525878906        8.1483539745942687E-164
  -37.299999237060547        4.8875649341147781E-163
  -37.200000762939453        2.9188965541842227E-162
  -37.100002288818359        1.7357137018040323E-161
  -37.000000000000000        1.0277799318007546E-160
  -36.900001525878906        6.0593480491077208E-160
  -36.799999237060547        3.5572482629926773E-159
  -36.700000762939453        2.0792481282951123E-158
  -36.600002288818359        1.2101290507153182E-157
  -36.500000000000000        7.0132505129796440E-157
  -36.400001525878906        4.0467940002448606E-156
  -36.299999237060547        2.3252250762362155E-155
  -36.200000762939453        1.3302189207232360E-154
  -36.100002288818359        7.5772997562951119E-154
  -36.000000000000000        4.2980133200049425E-153
  -35.900001525878906        2.4273113243542970E-152
  -35.799999237060547        1.3650388319649187E-151
  -35.700000762939453        7.6430923788107490E-151
  -35.600002288818359        4.2611462064900291E-150
  -35.500000000000000        2.3656219883305139E-149
  -35.400001525878906        1.3075823595547605E-148
  -35.299999237060547        7.1970447098797041E-148
  -35.200000762939453        3.9440669908864816E-147
  -35.100002288818359        2.1521254814224336E-146
  -35.000000000000000        1.1693704789013836E-145
  -34.900001525878906        6.3261838639490947E-145
  -34.799999237060547        3.4079450331798964E-144
  -34.700000762939453        1.8278840505591837E-143
  -34.600002288818359        9.7619803640581433E-143
  -34.500000000000000        5.1914429939396665E-142
  -34.400001525878906        2.7488038694403499E-141
  -34.299999237060547        1.4493061945109766E-140
  -34.200000762939453        7.6082047215476414E-140
  -34.100002288818359        3.9768339358310596E-139
  -34.000000000000000        2.0699184685804081E-138
  -33.900001525878906        1.0726916084309454E-137
  -33.799999237060547        5.5355005944160378E-137
  -33.700000762939453        2.8441003976670749E-136
  -33.600002288818359        1.4550106387588095E-135
  -33.500000000000000        7.4122076221775565E-135
  -33.400001525878906        3.7595442352138575E-134
  -33.299999237060547        1.8988158196531565E-133
  -33.200000762939453        9.5485371542691098E-133
  -33.100002288818359        4.7810586110220134E-132
  -33.000000000000000        2.3838070416107293E-131
  -32.900001525878906        1.1833812977670485E-130
  -32.799999237060547        5.8497589041700761E-130
  -32.700000762939453        2.8791079441024247E-129
  -32.600002288818359        1.4109484700245980E-128
  -32.500000000000000        6.8853148940124924E-128
  -32.400001525878906        3.3453640831532430E-127
  -32.299999237060547        1.6185356858216933E-126
  -32.200000762939453        7.7966536070304756E-126
  -32.100002288818359        3.7396195750149626E-125
  -32.000000000000000        1.7860997193114700E-124
  -31.899999618530273        8.4938417109211953E-124
  -31.800001144409180        4.0218226401242514E-123
  -31.700000762939453        1.8962156110827432E-122
  -31.600000381469727        8.9019607284388844E-122
  -31.500000000000000        4.1611826935427057E-121
  -31.399999618530273        1.9367833651340834E-120
  -31.300001144409180        8.9756472731348610E-120
  -31.200000762939453        4.1418692214579730E-119
  -31.100000381469727        1.9030935617055601E-118
  -31.000000000000000        8.7067695792844596E-118
  -30.899999618530273        3.9663142074291005E-117
  -30.800001144409180        1.7990276001203475E-116
  -30.700000762939453        8.1252032326348825E-116
  -30.600000381469727        3.6539600290486057E-115
  -30.500000000000000        1.6361627654767482E-114
  -30.399999618530273        7.2949508665217060E-114
  -30.300001144409180        3.2384639090140363E-113
  -30.200000762939453        1.4315326887751527E-112
  -30.100000381469727        6.3008135843002048E-112
  -30.000000000000000        2.7613734524025984E-111
  -29.899999618530273        1.2049993508782434E-110
  -29.800001144409180        5.2356364544026794E-110
  -29.700000762939453        2.2651527435825084E-109
  -29.600000381469727        9.7579515081721152E-109
  -29.500000000000000        4.1855542153338893E-108
  -29.399999618530273        1.7876415527494086E-107
  -29.300001144409180        7.6020214501648072E-107
  -29.200000762939453        3.2190142709139243E-106
  -29.100000381469727        1.3572187994621755E-105
  -29.000000000000000        5.6978365190202569E-105
  -28.899999618530273        2.3817888365838205E-104
  -28.800001144409180        9.9132916813553773E-104
  -28.700000762939453        4.1084451921755484E-103
  -28.600000381469727        1.6953925247588075E-102
  -28.500000000000000        6.9662039212382211E-102
  -28.399999618530273        2.8500682232488004E-101
  -28.300001144409180        1.1610097450024279E-100
  -28.200000762939453        4.7093533743097475E-100
  -28.100000381469727        1.9020408830201888E-099
  -28.000000000000000        7.6491216627436331E-099
  -27.899999618530273        3.0629255661876126E-098
  -27.800001144409180        1.2211894159258516E-097
  -27.700000762939453        4.8481299019988562E-097
  -27.600000381469727        1.9164549616822288E-096
  -27.500000000000000        7.5432089868819178E-096
  -27.399999618530273        2.9562885142811654E-095
  -27.300001144409180        1.1536109891998926E-094
  -27.200000762939453        4.4824597899511552E-094
  -27.100000381469727        1.7342295162536151E-093
  -27.000000000000000        6.6808219555852567E-093
  -26.899999618530273        2.5626327703509076E-092
  -26.800001144409180        9.7873455919153508E-092
  -26.700000762939453        3.7220974821047504E-091
  -26.600000381469727        1.4094306641952872E-090
  -26.500000000000000        5.3141381688595810E-090
  -26.399999618530273        1.9950561407072908E-089
  -26.300001144409180        7.4576096738094829E-089
  -26.200000762939453        2.7758006312384117E-088
  -26.100000381469727        1.0287504652842609E-087
  -26.000000000000000        3.7963388760176225E-087
  -25.899999618530273        1.3949320513639792E-086
  -25.800001144409180        5.1034464321220305E-086
  -25.700000762939453        1.8591652079691377E-085
  -25.600000381469727        6.7438136275038963E-085
  -25.500000000000000        2.4357139805302654E-084
  -25.399999618530273        8.7595172339009076E-084
  -25.300001144409180        3.1365820916553899E-083
  -25.200000762939453        1.1183477879312416E-082
  -25.100000381469727        3.9703634187973833E-082
  -25.000000000000000        1.4035141379920425E-081
  -24.899999618530273        4.9401083686566105E-081
  -24.800001144409180        1.7313263654243449E-080
  -24.700000762939453        6.0417808581660320E-080
  -24.600000381469727        2.0993466106926436E-079
  -24.500000000000000        7.2633417853636845E-079
  -24.399999618530273        2.5021996943560249E-078
  -24.300001144409180        8.5828280756992895E-078
  -24.200000762939453        2.9314483120304523E-077
  -24.100000381469727        9.9693586941963839E-077
  -24.000000000000000        3.3758672179066239E-076
  -23.899999618530273        1.1382473391866510E-075
  -23.800001144409180        3.8212994332354489E-075
  -23.700000762939453        1.2774052578167853E-074
  -23.600000381469727        4.2518651487267356E-074
  -23.500000000000000        1.4091700944720195E-073
  -23.399999618530273        4.6502950326087933E-073
  -23.300001144409180        1.5279914105676653E-072
  -23.200000762939453        4.9992441150056641E-072
  -23.100000381469727        1.6286243672990417E-071
  -23.000000000000000        5.2828790276425756E-071
  -22.899999618530273        1.7062927939789749E-070
  -22.800001144409180        5.4873156385749122E-070
  -22.700000762939453        1.7571513679842104E-069
  -22.600000381469727        5.6026250785765805E-069
  -22.500000000000000        1.7787180005476077E-068
  -22.399999618530273        5.6228408655336363E-068
  -22.300001144409180        1.7698161658750575E-067
  -22.200000762939453        5.5468087521678164E-067
  -22.100000381469727        1.7309773286527302E-066
  -22.000000000000000        5.3786430132288690E-066
  -21.899999618530273        1.6641298650045204E-065
  -21.800001144409180        5.1265542739257508E-065
  -21.700000762939453        1.5725569980367948E-064
  -21.600000381469727        4.8030862439663456E-064
  -21.500000000000000        1.4607218557716132E-063
  -21.399999618530273        4.4233145409429612E-063
  -21.300001144409180        1.3336815634556776E-062
  -21.200000762939453        4.0040434844543916E-062
  -21.100000381469727        1.1969570753760872E-061
  -21.000000000000000        3.5628006295533557E-061
  -20.899999618530273        1.0559360515478759E-060
  -20.800001144409180        3.1160751429112972E-060
  -20.700000762939453        9.1563073311636268E-060
  -20.600000381469727        2.6789583022029860E-059
  -20.500000000000000        7.8044930763967596E-059
  -20.399999618530273        2.2638966595637414E-058
  -20.300001144409180        6.5387221396388746E-058
  -20.200000762939453        1.8804904126727240E-057
  -20.100000381469727        5.3849604482050639E-057
  -20.000000000000000        1.5354195471733628E-056
  -19.899999618530273        4.3591796338493829E-056
  -19.800001144409180        1.2322732740937515E-055
  -19.700000762939453        3.4685748607983557E-055
  -19.600000381469727        9.7213877976646438E-055
  -19.500000000000000        2.7129301810671747E-054
  -19.399999618530273        7.5384510536296904E-054
  -19.300001144409180        2.0856928994958903E-053
  -19.200000762939453        5.7459283602109401E-053
  -19.100000381469727        1.5761705347280278E-052
  -19.000000000000000        4.3050614525940147E-052
  -18.899999618530273        1.1708160279404434E-051
  -18.800001144409180        3.1704644076814801E-051
  -18.700000762939453        8.5486695170115180E-051
  -18.600000381469727        2.2951301978568633E-050
  -18.500000000000000        6.1354903805391444E-050
  -18.399999618530273        1.6331436443786988E-049
  -18.300001144409180        4.3283720878886273E-049
  -18.200000762939453        1.1422628052061086E-048
  -18.100000381469727        3.0015158161820952E-048
  -18.000000000000000        7.8532313241029649E-048
  -17.899999618530273        2.0459230600631157E-047
  -17.800001144409180        5.3070781109616513E-047
  -17.700000762939453        1.3707641225579438E-046
  -17.600000381469727        3.5253572310627564E-046
  -17.500000000000000        9.0276910306100969E-046
  -17.399999618530273        2.3018837971855681E-045
  -17.300001144409180        5.8440720012838107E-045
  -17.200000762939453        1.4773677311226335E-044
  -17.100000381469727        3.7187314179849059E-044
  -17.000000000000000        9.3203918248586557E-044
  -16.899999618530273        2.3259837740563853E-043
  -16.800001144409180        5.7796936903635550E-043
  -16.700000762939453        1.4300251483810247E-042
  -16.600000381469727        3.5230246410145739E-042
  -16.500000000000000        8.6421308911849176E-042
  -16.399999618530273        2.1108586469948515E-041
  -16.300001144409180        5.1336147400159293E-041
  -16.200000762939453        1.2431625752493061E-040
  -16.100000381469727        2.9975451606034280E-040
  -16.000000000000000        7.1967546228789696E-040
  -15.900000572204590        1.7204307982733047E-039
  -15.800000190734863        4.0951941230175372E-039
  -15.699999809265137        9.7061037963770341E-039
  -15.600000381469727        2.2905774197769482E-038
  -15.500000000000000        5.3824714814607136E-038
  -15.400000572204590        1.2593549139972462E-037
  -15.300000190734863        2.9339399962990640E-037
  -15.199999809265137        6.8059298317925997E-037
  -15.100000381469727        1.5720031132498764E-036
  -15.000000000000000        3.6153967700279715E-036
  -14.900000572204590        8.2791978288386681E-036
  -14.800000190734863        1.8878050701722382E-035
  -14.699999809265137        4.2860693075114724E-035
  -14.600000381469727        9.6892690318963479E-035
  -14.500000000000000        2.1810186547785724E-034
  -14.400000572204590        4.8882967818713001E-034
  -14.300000190734863        1.0909183702312435E-033
  -14.199999809265137        2.4241533973721078E-033
  -14.100000381469727        5.3636176820512451E-033
  -14.000000000000000        1.1816584937445922E-032
  -13.900000572204590        2.5921256925087043E-032
  -13.800000190734863        5.6618263868680760E-032
  -13.699999809265137        1.2313746048962499E-031
  -13.600000381469727        2.6665749761109935E-031
  -13.500000000000000        5.7498136307211644E-031
  -13.400000572204590        1.2344790795558444E-030
  -13.300000190734863        2.6390646384136873E-030
  -13.199999809265137        5.6175826882654822E-030
  -13.100000381469727        1.1906358937024633E-029
  -13.000000000000000        2.5127237311583659E-029
  -12.900000572204590        5.2800811639581624E-029
  -12.800000190734863        1.1047720876369892E-028
  -12.699999809265137        2.3016428859069759E-028
  -12.600000381469727        4.7745597096282544E-028
  -12.500000000000000        9.8619977936677915E-028
  -12.400000572204590        2.0282741174470365E-027
  -12.300000190734863        4.1535987975938577E-027
  -12.199999809265137        8.4694575304520228E-027
  -12.100000381469727        1.7195581748200435E-026
  -12.000000000000000        3.4762759745730179E-026
  -11.900000572204590        6.9974835351065216E-026
  -11.800000190734863        1.4025087623686010E-025
  -11.699999809265137        2.7989970094840687E-025
  -11.600000381469727        5.5619823149866468E-025
  -11.500000000000000        1.1005069233293464E-024
  -11.400000572204590        2.1681349390885598E-024
  -11.300000190734863        4.2532000245435235E-024
  -11.199999809265137        8.3076551471051598E-024
  -11.100000381469727        1.6157401625920587E-023
  -11.000000000000000        3.1289635031443239E-023
  -10.900000572204590        6.0333694116618422E-023
  -10.800000190734863        1.1583911167753217E-022
  -10.699999809265137        2.2145407334005847E-022
  -10.600000381469727        4.2154371972690078E-022
  -10.500000000000000        7.9898274843213448E-022
  -10.400000572204590        1.5078658744441668E-021
  -10.300000190734863        2.8335039045902259E-021
  -10.199999809265137        5.3017356746232346E-021
  -10.100000381469727        9.8774061688049153E-021
  -10.000000000000000        1.8323291601245568E-020
  -9.9000005722045898        3.3845013691756650E-020
  -9.8000001907348633        6.2247454827456071E-020
  -9.6999998092651367        1.1399391164076306E-019
  -9.6000003814697266        2.0786070135853854E-019
  -9.5000000000000000        3.7739728398210673E-019
  -9.4000005722045898        6.8226935058425660E-019
  -9.3000001907348633        1.2281419565185485E-018
  -9.1999998092651367        2.2012756405489855E-018
  -9.1000003814697266        3.9285388307604004E-018
  -9.0000000000000000        6.9810899500535869E-018
  -8.9000005722045898        1.2352254076074490E-017
  -8.8000001907348633        2.1762296550758327E-017
  -8.6999998092651367        3.8176524185256120E-017
  -8.6000003814697266        6.6683578591650338E-017
  -8.5000000000000000        1.1597833872375358E-016
  -8.4000005722045898        2.0084718842623254E-016
  -8.3000001907348633        3.4632996271310215E-016
  -8.1999998092651367        5.9463097570643064E-016
  -8.1000003814697266        1.0165668250438428E-015
  -8.0000000000000000        1.7304526474593319E-015
  -7.9000000953674316        2.9330236952178808E-015
  -7.8000001907348633        4.9499931105676691E-015
  -7.7000002861022949        8.3181507803675078E-015
  -7.5999999046325684        1.3918204551685485E-014
  -7.5000000000000000        2.3188451183406890E-014
  -7.4000000953674316        3.8467453725374052E-014
  -7.3000001907348633        6.3540160733218061E-014
  -7.2000002861022949        1.0450482664806437E-013
  -7.0999999046325684        1.7114277804615736E-013
  -7.0000000000000000        2.7906987029582463E-013
  -6.9000000953674316        4.5310671116192241E-013
  -6.8000001907348633        7.3252290659531111E-013
  -6.7000002861022949        1.1791664017141845E-012
  -6.5999999046325684        1.8900057525006376E-012
  -6.5000000000000000        3.0163611974560862E-012
  -6.4000000953674316        4.7933234488503890E-012
  -6.3000001907348633        7.5844361078964581E-012
  -6.2000002861022949        1.1949315541367553E-011
  -6.0999999046325684        1.8745492752635905E-011
  -6.0000000000000000        2.9280799211109143E-011
  -5.9000000953674316        4.5540958086763274E-011
  -5.8000001907348633        7.0526863568179641E-011
  -5.7000002861022949        1.0875272532870527E-010
  -5.5999999046325684        1.6697820272523974E-010
  -5.5000000000000000        2.5527700380034003E-010
  -5.4000000953674316        3.8859461370487792E-010
  -5.3000001907348633        5.8899964125037074E-010
  -5.2000002861022949        8.8892773163467750E-010
  -5.0999999046325684        1.3358321441852024E-009
  -5.0000000000000000        1.9988014118471105E-009
  -4.9000000953674316        2.9779717691912759E-009
  -4.8000001907348633        4.4177860168104085E-009
  -4.7000002861022949        6.5256225056062402E-009
  -4.5999999046325684        9.5978328768612178E-009
  -4.5000000000000000        1.4055839436532930E-008
  -4.4000000953674316        2.0496210016104122E-008
  -4.3000001907348633        2.9759354611416250E-008
  -4.2000002861022949        4.3023587946278341E-008
  -4.0999999046325684        6.1933220470305164E-008
  -4.0000000000000000        8.8771409101566923E-008
  -3.9000000953674316        1.2669390864475451E-007
  -3.7999999523162842        1.8004119573164462E-007
  -3.7000000476837158        2.5475390354568472E-007
  -3.6000001430511475        3.5892439505625537E-007
  -3.5000000000000000        5.0352220349570941E-007
  -3.4000000953674316        7.0334287677947265E-007
  -3.2999999523162842        9.7824823080112466E-007
  -3.2000000476837158        1.3547647123404647E-006
  -3.1000001430511475        1.8681504631297842E-006
  -3.0000000000000000        2.5650351736332224E-006
  -2.9000000953674316        3.5067728726131018E-006
  -2.7999999523162842        4.7737034882225694E-006
  -2.7000000476837158        6.4704739184270831E-006
  -2.6000001430511475        8.7327275918588957E-006
  -2.5000000000000000        1.1735381430179873E-005
  -2.4000000953674316        1.5702809768962364E-005
  -2.2999999523162842        2.0921412143564409E-005
  -2.2000000476837158        2.7754761017047511E-005
  -2.1000001430511475        3.6662085034605892E-005
  -2.0000000000000000        4.8220341430209134E-005
  -1.8999999761581421        6.3150446485199700E-005
  -1.8000000715255737        8.2348482407625963E-005
  -1.7000000476837158        1.0692224765786864E-004
  -1.6000000238418579        1.3823363419983306E-004
  -1.5000000000000000        1.7794776540110561E-004
  -1.3999999761581421        2.2808909288703899E-004
  -1.3000000715255737        2.9110491542208810E-004
  -1.2000000476837158        3.6993707077969599E-004
  -1.1000000238418579        4.6810074753427054E-004
  -1.0000000000000000        5.8977177231004079E-004
 -0.90000003576278687        7.3988076804860448E-004
 -0.80000001192092896        9.2421437844328151E-004
 -0.69999998807907104        1.1495208935678887E-003
 -0.60000002384185791        1.4236201609026168E-003
 -0.50000000000000000        1.7555152745571869E-003
 -0.40000000596046448        2.1555010347855362E-003
 -0.30000001192092896        2.6352694443805380E-003
 -0.20000000298023224        3.2080047119669992E-003
 -0.10000000149011612        3.8884644205884745E-003
   0.0000000000000000        4.6930418704232320E-003
  0.10000000149011612        5.6398025001372417E-003
  0.20000000298023224        6.7484887760797512E-003
  0.30000001192092896        8.0404866853283682E-003
  0.40000000596046448        9.5387463523400589E-003
  0.50000000000000000        1.1267652159662188E-002
  0.60000002384185791        1.3252833780527950E-002
  0.69999998807907104        1.5520910574484289E-002
  0.80000001192092896        1.8099177964978536E-002
  0.90000003576278687        2.1015206925336857E-002
   1.0000000000000000        2.4296382742727479E-002
   1.1000000238418579        2.7969375845644469E-002
   1.2000000476837158        3.2059525922204984E-002
   1.3000000715255737        3.6590183170928332E-002
   1.3999999761581421        4.1581980713654244E-002
   1.5000000000000000        4.7052098292891323E-002
   1.6000000238418579        5.3013439871718741E-002
   1.7000000476837158        5.9473862053172948E-002
   1.8000000715255737        6.6435386176978514E-002
   1.8999999761581421        7.3893442396007397E-002
   2.0000000000000000        8.1836219217416364E-002
   2.1000001430511475        9.0244019582266757E-002
   2.2000000476837158        9.9088755210426968E-002
   2.2999999523162842       0.10833367732443296     
   2.4000000953674316       0.11793313800964335     
   2.5000000000000000       0.12783250656446937     
   2.6000001430511475       0.13796851907597257     
   2.7000000476837158       0.14826948887667810     
   2.7999999523162842       0.15865609075849693     
   2.9000000953674316       0.16904212455646797     
   3.0000000000000000       0.17933548791668227     
   3.1000001430511475       0.18943959674350386     
   3.2000000476837158       0.19925461749898513     
   3.2999999523162842       0.20867921741606990     
   3.4000000953674316       0.21761218842162394     
   3.5000000000000000       0.22595416910019894     
   3.6000001430511475       0.23360961017719728     
   3.7000000476837158       0.24048842869437567     
   3.7999999523162842       0.24650789652102123     
   3.9000000953674316       0.25159422996405062     
   4.0000000000000000       0.25568406684076245     
   4.0999999046325684       0.25872585159830808     
   4.2000002861022949       0.26068087309399229     
   4.3000001907348633       0.26152406595546573     
   4.4000000953674316       0.26124460073775341     
   4.5000000000000000       0.25984607325921444     
   4.5999999046325684       0.25734643953950204     
   4.7000002861022949       0.25377761261289050     
   4.8000001907348633       0.24918485686118130     
   4.9000000953674316       0.24362573162450521     
   5.0000000000000000       0.23716895350516040     
   5.0999999046325684       0.22989296907930434     
   5.2000002861022949       0.22188433098818999     
   5.3000001907348633       0.21323614348154912     
   5.4000000953674316       0.20404604227265202     
   5.5000000000000000       0.19441452232189993     
   5.5999999046325684       0.18444309480823018     
   5.7000002861022949       0.17423249167831778     
   5.8000001907348633       0.16388121635267011     
   5.9000000953674316       0.15348374270687420     
   6.0000000000000000       0.14312936819193942     
   6.0999999046325684       0.13290101521222980     
   6.2000002861022949       0.12287424062187735     
   6.3000001907348633       0.11311669933815639     
   6.4000000953674316       0.10368734941586516     
   6.5000000000000000        9.4636352241618552E-002
   6.5999999046325684        8.6004937084113872E-002
   6.7000002861022949        7.7825466484732028E-002
   6.8000001907348633        7.0121864636939202E-002
   6.9000000953674316        6.2909806681253497E-002
   7.0000000000000000        5.6197424974329967E-002
   7.0999999046325684        4.9985915739617644E-002
   7.2000002861022949        4.4270232665302472E-002
   7.3000001907348633        3.9039960910734445E-002
   7.4000000953674316        3.4279944874632581E-002
   7.5000000000000000        2.9971192741710562E-002
   7.5999999046325684        2.6091623876408537E-002
   7.7000002861022949        2.2616795055930030E-002
   7.8000001907348633        1.9520659159039756E-002
   7.9000000953674316        1.6776102284684801E-002
   8.0000000000000000        1.4355582628864900E-002
   8.1000003814697266        1.2231604108124060E-002
   8.1999998092651367        1.0377191997159514E-002
   8.3000001907348633        8.7661474047227607E-003
   8.4000005722045898        7.3734516947605326E-003
   8.5000000000000000        6.1754243541931554E-003
   8.6000003814697266        5.1498573662404215E-003
   8.6999998092651367        4.2761952553202328E-003
   8.8000001907348633        3.5355114333953629E-003
   8.9000005722045898        2.9105838683110819E-003
   9.0000000000000000        2.3858436252251519E-003
   9.1000003814697266        1.9473148312632795E-003
   9.1999998092651367        1.5825753204859422E-003
   9.3000001907348633        1.2806336500568315E-003
   9.4000005722045898        1.0318547857876316E-003
   9.5000000000000000        8.2783985484646220E-004
   9.6000003814697266        6.6131188627875550E-004
   9.6999998092651367        5.2601779522177422E-004
   9.8000001907348633        4.1660718780163984E-004
   9.9000005722045898        3.2853847269737556E-004
   10.000000000000000        2.5797633742171734E-004
   10.100000381469727        2.0169989497969765E-004
   10.199999809265137        1.5702386780486917E-004
   10.300000190734863        1.2171883706760824E-004
   10.400000572204590        9.3947033496977260E-005
   10.500000000000000        7.2200898250275979E-005
   10.600000381469727        5.5250244181714007E-005
   10.699999809265137        4.2097866931672527E-005
   10.800000190734863        3.1938757453507832E-005
   10.900000572204590        2.4127320586841136E-005
   11.000000000000000        1.8148240042484553E-005
   11.100000381469727        1.3592267646870016E-005
   11.199999809265137        1.0136399005175225E-005
   11.300000190734863        7.5267488445471020E-006
   11.400000572204590        5.5649889297292285E-006
   11.500000000000000        4.0969023770572884E-006
   11.600000381469727        3.0031624138717301E-006
   11.699999809265137        2.1919795115452803E-006
   11.800000190734863        1.5930375730004600E-006
   11.900000572204590        1.1527860195184693E-006
   12.000000000000000        8.3062672905775231E-007
   12.100000381469727        5.9592953258495498E-007
   12.199999809265137        4.2571452641662477E-007
   12.300000190734863        3.0281250079644482E-007
   12.400000572204590        2.1446789209994363E-007
   12.500000000000000        1.5124651462937792E-007
   12.600000381469727        1.0620383103650910E-007
   12.699999809265137        7.4255672392974439E-008
   12.800000190734863        5.1695265117009915E-008
   12.900000572204590        3.5834805536534012E-008
   13.000000000000000        2.4733981680832505E-008
   13.100000381469727        1.6998658305983908E-008
   13.199999809265137        1.1632417650306586E-008
   13.300000190734863        7.9260520546798407E-009
   13.400000572204590        5.3774577517046557E-009
   13.500000000000000        3.6327196277225559E-009
   13.600000381469727        2.4435334661117913E-009
   13.699999809265137        1.6365886111931988E-009
   13.800000190734863        1.0914208845868064E-009
   13.900000572204590        7.2473318576410071E-010
   14.000000000000000        4.7918025283048392E-010
   14.100000381469727        3.1546495825045048E-010
   14.199999809265137        2.0679415001513536E-010
   14.300000190734863        1.3497607210174871E-010
   14.400000572204590        8.7721990110968095E-011
   14.500000000000000        5.6766893745962945E-011
   14.600000381469727        3.6577426372796219E-011
   14.699999809265137        2.3467463948372107E-011
   14.800000190734863        1.4991686707122247E-011
   14.900000572204590        9.5360383631435971E-012
   15.000000000000000        6.0397718685289759E-012
   15.100000381469727        3.8089419238066539E-012
   15.199999809265137        2.3917911583712594E-012
   15.300000190734863        1.4954551622653331E-012
   15.400000572204590        9.3101502455009832E-013
   15.500000000000000        5.7713196086867150E-013
   15.600000381469727        3.5622528552681759E-013
   15.699999809265137        2.1893214854698330E-013
   15.800000190734863        1.3397552912559170E-013
   15.900000572204590        8.1634657674113907E-014
   16.000000000000000        4.9528925081868221E-014
   16.100000381469727        2.9920877210070813E-014
   16.200000762939453        1.7997943921631427E-014
   16.300001144409180        1.0779649001600810E-014
   16.399999618530273        6.4287094544787101E-015
   16.500000000000000        3.8174368891426846E-015
   16.600000381469727        2.2571118808291506E-015
   16.700000762939453        1.3288239923667230E-015
   16.800001144409180        7.7895969710436554E-016
   16.899999618530273        4.5467402706381703E-016
   17.000000000000000        2.6424940338614384E-016
   17.100000381469727        1.5291885515130775E-016
   17.200000762939453        8.8113248673044373E-017
   17.300001144409180        5.0553885747090344E-017
   17.399999618530273        2.8880564671930903E-017
   17.500000000000000        1.6428024854472081E-017
   17.600000381469727        9.3046100186806071E-018
   17.700000762939453        5.2473997800743028E-018
   17.800001144409180        2.9466142400482333E-018
   17.899999618530273        1.6475568180529995E-018
   18.000000000000000        9.1724609879929605E-019
   18.100000381469727        5.0846902203186949E-019
   18.200000762939453        2.8065725815838980E-019
   18.300001144409180        1.5424859267590736E-019
   18.399999618530273        8.4412022766566832E-020
   18.500000000000000        4.5995525139140415E-020
   18.600000381469727        2.4955139911420414E-020
   18.700000762939453        1.3481480558121835E-020
   18.800001144409180        7.2518418380818757E-021
   18.899999618530273        3.8841625836577525E-021
   19.000000000000000        2.0714501018127620E-021
   19.100000381469727        1.0999797885545945E-021
   19.200000762939453        5.8160494133022543E-022
   19.300001144409180        3.0619960290997906E-022
   19.399999618530273        1.6051649927655227E-022
   19.500000000000000        8.3784282935403873E-023
   19.600000381469727        4.3545029375395367E-023
   19.700000762939453        2.2534491983939769E-023
   19.800001144409180        1.1611547656723539E-023
   19.899999618530273        5.9575973146856425E-024
   20.000000000000000        3.0435456791748502E-024
   20.100000381469727        1.5481807268075609E-024
   20.200000762939453        7.8414547788037198E-025
   20.300001144409180        3.9546202061165212E-025
   20.399999618530273        1.9858744892302804E-025
   20.500000000000000        9.9294747937282947E-026
   20.600000381469727        4.9434928654973540E-026
   20.700000762939453        2.4506128077705949E-026
   20.800001144409180        1.2096191101612062E-026
   20.899999618530273        5.9451338229506889E-027
   21.000000000000000        2.9093898365004275E-027
   21.100000381469727        1.4176706656027299E-027
   21.200000762939453        6.8783131153095599E-028
   21.300001144409180        3.3229337598459675E-028
   21.399999618530273        1.5984559008288485E-028
   21.500000000000000        7.6560849446628256E-029
   21.600000381469727        3.6512870820249935E-029
   21.700000762939453        1.7338773413189857E-029
   21.800001144409180        8.1983020489653829E-030
   21.899999618530273        3.8598361544667101E-030
   22.000000000000000        1.8094257043978044E-030
   22.100000381469727        8.4458972670839256E-031
   22.200000762939453        3.9254006197267669E-031
   22.300001144409180        1.8165833616065050E-031
   22.399999618530273        8.3707865267384778E-032
   22.500000000000000        3.8406431242181239E-032
   22.600000381469727        1.7545865449863962E-032
   22.700000762939453        7.9813947036140687E-033
   22.800001144409180        3.6150635439408241E-033
   22.899999618530273        1.6303950560747559E-033
   23.000000000000000        7.3214371536430343E-034
   23.100000381469727        3.2736555463545666E-034
   23.200000762939453        1.4574805792379349E-034
   23.300001144409180        6.4610890274520036E-035
   23.399999618530273        2.8519940761922896E-035
   23.500000000000000        1.2534814457174500E-035
   23.600000381469727        5.4855522205533843E-036
   23.700000762939453        2.3903194804369861E-036
   23.800001144409180        1.0371097119521298E-036
   23.899999618530273        4.4805731783585197E-037
   24.000000000000000        1.9273858538434141E-037
   24.100000381469727        8.2553770309575939E-038
   24.200000762939453        3.5207753218567654E-038
   24.300001144409180        1.4951090263817325E-038
   24.399999618530273        6.3219013803313764E-039
   24.500000000000000        2.6616356858817451E-039
   24.600000381469727        1.1157904960701538E-039
   24.700000762939453        4.6574677711173016E-040
   24.800001144409180        1.9357542077497597E-040
   24.899999618530273        8.0110795609498531E-041
   25.000000000000000        3.3010928547221881E-041
   25.100000381469727        1.3544331959575901E-041
   25.200000762939453        5.5333812160284485E-042
   25.300001144409180        2.2509028276611963E-042
   25.399999618530273        9.1172436139354442E-043
   25.500000000000000        3.6770205467190396E-043
   25.600000381469727        1.4765960664696157E-043
   25.700000762939453        5.9041925287577982E-044
   25.800001144409180        2.3506743465828584E-044
   25.899999618530273        9.3189130611848693E-045
   26.000000000000000        3.6784390047354732E-045
   26.100000381469727        1.4457560261546796E-045
   26.200000762939453        5.6579566615456352E-046
   26.300001144409180        2.2047399678318518E-046
   26.399999618530273        8.5545298704363343E-047
   26.500000000000000        3.3049146458561076E-047
   26.600000381469727        1.2713276762363846E-047
   26.700000762939453        4.8695396734500672E-048
   26.800001144409180        1.8571691835987365E-048
   26.899999618530273        7.0527131487202399E-049
   27.000000000000000        2.6667734494377714E-049
   27.100000381469727        1.0040357531304381E-049
   27.200000762939453        3.7639633560343317E-050
   27.300001144409180        1.4049949025242297E-050
   27.399999618530273        5.2221035577505895E-051
   27.500000000000000        1.9325964782922467E-051
   27.600000381469727        7.1214764243844616E-052
   27.700000762939453        2.6129557266463878E-052
   27.800001144409180        9.5461271508229473E-053
   27.899999618530273        3.4726732822924839E-053
   28.000000000000000        1.2578400864542215E-053
   28.100000381469727        4.5364913801461063E-054
   28.200000762939453        1.6291005937075025E-054
   28.300001144409180        5.8251735263704277E-055
   28.399999618530273        2.0740133991343287E-055
   28.500000000000000        7.3525648719971342E-056
   28.600000381469727        2.5953702694292615E-056
   28.700000762939453        9.1220603047354093E-057
   28.800001144409180        3.1924176686953530E-057
   28.899999618530273        1.1124701741495507E-057
   29.000000000000000        3.8599482751890456E-058
   29.100000381469727        1.3335452199914996E-058
   29.200000762939453        4.5874058309766199E-059
   29.300001144409180        1.5713022439797090E-059
   29.399999618530273        5.3591310939193064E-060
   29.500000000000000        1.8199241635702009E-060
   29.600000381469727        6.1538280202995635E-061
   29.700000762939453        2.0719084987197476E-061
   29.800001144409180        6.9459066444172094E-062
   29.899999618530273        2.3186199679372408E-062
   30.000000000000000        7.7064485588565776E-063
   30.100000381469727        2.5504226058581129E-063
   30.200000762939453        8.4043313705456134E-064
   30.300001144409180        2.7575750398950166E-064
   30.399999618530273        9.0093601628799909E-065
   30.500000000000000        2.9307883910508792E-065
   30.600000381469727        9.4931016142575814E-066
   30.700000762939453        3.0617163244510715E-066
   30.800001144409180        9.8322955180217170E-067
   30.899999618530273        3.1440360152357262E-067
   31.000000000000000        1.0010224734049297E-067
   31.100000381469727        3.1734619562354578E-068
   31.200000762939453        1.0017420815224455E-068
   31.300001144409180        3.1485579657695965E-069
   31.399999618530273        9.8539479056598223E-070
   31.500000000000000        3.0706645771464921E-070
   31.600000381469727        9.5276906830978596E-071
   31.700000762939453        2.9435815542824663E-071
   31.800001144409180        9.0551917133067173E-072
   31.899999618530273        2.7737173171447326E-072
   32.000000000000000        8.4596056124406841E-073
   32.100002288818359        2.5689834046401914E-073
   32.200000762939453        7.7682897092328934E-074
   32.299999237060547        2.3389597755056961E-074
   32.400001525878906        7.0118614089455050E-075
   32.500000000000000        2.0931340399907880E-075
   32.600002288818359        6.2211954583650351E-076
   32.700000762939453        1.8412126111944390E-076
   32.799999237060547        5.4258434607307660E-077
   32.900001525878906        1.5920014320173634E-077
   33.000000000000000        4.6512871386732149E-078
   33.100002288818359        1.3530554036622826E-078
   33.200000762939453        3.9193283987430597E-079
   33.299999237060547        1.1304229162007349E-079
   33.400001525878906        3.2462560408299237E-080
   33.500000000000000        9.2827883201132738E-081
   33.600002288818359        2.6429351083862250E-081
   33.700000762939453        7.4928761478046096E-082
   33.799999237060547        2.1151629590103973E-082
   33.900001525878906        5.9449919901181994E-083
   34.000000000000000        1.6638452447395673E-083
   34.100002288818359        4.6364609506083921E-084
   34.200000762939453        1.2865143656602831E-084
   34.299999237060547        3.5544785530099170E-085
   34.400001525878906        9.7779759132498321E-086
   34.500000000000000        2.6784071693911295E-086
   34.600002288818359        7.3049273146265500E-087
   34.700000762939453        1.9838549357299821E-087
   34.799999237060547        5.3645975889133562E-088
   34.900001525878906        1.4443612839319209E-088
   35.000000000000000        3.8723040824415345E-089
   35.100002288818359        1.0336520679498664E-089
   35.200000762939453        2.7474789317629038E-090
   35.299999237060547        7.2715599382451777E-091
   35.400001525878906        1.9161605757505331E-091
   35.500000000000000        5.0279563133244208E-092
   35.600002288818359        1.3135966824665082E-092
   35.700000762939453        3.4173386278508715E-093
   35.799999237060547        8.8521183723698688E-094
   35.900001525878906        2.2830590719139681E-094
   36.000000000000000        5.8633082028465407E-095
   36.100002288818359        1.4992666975616160E-095
   36.200000762939453        3.8174279304352043E-096
   36.299999237060547        9.6782318888897537E-097
   36.400001525878906        2.4430456545125820E-097
   36.500000000000000        6.1407743268818860E-098
   36.600002288818359        1.5368268234359855E-098
   36.700000762939453        3.8298596946846338E-099
   36.799999237060547        9.5032908371901204E-100
   36.900001525878906        2.3478762545961098E-100
   37.000000000000000        5.7760738556451944E-101
   37.100002288818359        1.4148166299459113E-101
   37.200000762939453        3.4508339945757736E-102
   37.299999237060547        8.3807175439921126E-103
   37.400001525878906        2.0265065439055906E-103
   37.500000000000000        4.8794573272600298E-104
   37.600002288818359        1.1697810081040989E-104
   37.700000762939453        2.7925082031514431E-105
   37.799999237060547        6.6376992881391500E-106
   37.900001525878906        1.5709052953443151E-106
   38.000000000000000        3.7020262777297116E-107
   38.100002288818359        8.6863667638004954E-108
   38.200000762939453        2.0295232630479350E-108
   38.299999237060547        4.7215340850770160E-109
   38.400001525878906        1.0936571160472652E-109
   38.500000000000000        2.5225318373967117E-110
   38.600002288818359        5.7929655435913479E-111
   38.700000762939453        1.3247160437565299E-111
   38.799999237060547        3.0163231781432524E-112
   38.900001525878906        6.8381960661342918E-113
   39.000000000000000        1.5437003465724920E-113
   39.100002288818359        3.4697078954002668E-114
   39.200000762939453        7.7657024263454631E-115
   39.299999237060547        1.7306203241900594E-115
   39.400001525878906        3.8399989074420992E-116
   39.500000000000000        8.4843491680105170E-117
   39.600002288818359        1.8664401559808131E-117
   39.700000762939453        4.0885365051703892E-118
   39.799999237060547        8.9177422211258953E-119
   39.900001525878906        1.9366441979008893E-119
   40.000000000000000        4.1879670034711120E-120
   40.100002288818359        9.0170486151717727E-121
   40.200000762939453        1.9332330050408035E-121
   40.299999237060547        4.1270260983487257E-122
   40.400001525878906        8.7719826410901859E-123
   40.500000000000000        1.8565949100042747E-123
   40.600002288818359        3.9124062047151110E-124
   40.700000762939453        8.2097457683076781E-125
   40.799999237060547        1.7153340256754531E-125
   40.900001525878906        3.5684110403855166E-126
   41.000000000000000        7.3919708560247041E-127
   41.100002288818359        1.5245885474552408E-127
   41.200000762939453        3.1311538137216943E-128
   41.299999237060547        6.4030866046782385E-129
   41.400001525878906        1.3037105243629973E-129
   41.500000000000000        2.6432151975587550E-130
   41.600002288818359        5.3356895577801425E-131
   41.700000762939453        1.0725271192951200E-131
   41.799999237060547        2.1466400888348212E-132
   41.900001525878906        4.2777623596791046E-133
   42.000000000000000        8.4885592760613205E-134
   42.100002288818359        1.6770949069190349E-134
   42.200000762939453        3.2994484591966015E-135
   42.299999237060547        6.4633590389429740E-136
   42.400001525878906        1.2606116732535933E-136
   42.500000000000000        2.4483000135985287E-137
   42.600002288818359        4.7342797065261075E-138
   42.700000762939453        9.1159849854283603E-139
   42.799999237060547        1.7477789878531753E-139
   42.900001525878906        3.3363774732982204E-140
   43.000000000000000        6.3419741943878166E-141
   43.100002288818359        1.2002711629901791E-141
   43.200000762939453        2.2620127058294420E-142
   43.299999237060547        4.2446700052703873E-143
   43.400001525878906        7.9304571410080207E-144
   43.500000000000000        1.4754126148135118E-144
   43.600002288818359        2.7329646706633215E-145
   43.700000762939453        5.0409880180955033E-146
   43.799999237060547        9.2582848199726114E-147
   43.900001525878906        1.6929746328938774E-147
   44.000000000000000        3.0827031092763156E-148
   44.100002288818359        5.5887907470164573E-149
   44.200000762939453        1.0089403167114144E-149
   44.299999237060547        1.8136201330815576E-150
   44.400001525878906        3.2458755570275298E-151
   44.500000000000000        5.7846767420642306E-152
   44.600002288818359        1.0264336168679964E-152
   44.700000762939453        1.8136123905320599E-153
   44.799999237060547        3.1907391830636337E-154
   44.900001525878906        5.5891075461377117E-155
   45.000000000000000        9.7489013434905417E-156
   45.100002288818359        1.6930628155554927E-156
   45.200000762939453        2.9278758543498381E-157
   45.299999237060547        5.0415661419999291E-158
   45.400001525878906        8.6433530682625959E-159
   45.500000000000000        1.4755755225548202E-159
   45.600002288818359        2.5080977697585183E-160
   45.700000762939453        4.2451205576970604E-161
   45.799999237060547        7.1543275387472496E-162
   45.900001525878906        1.2004697670544866E-162
   46.000000000000000        2.0058404982171550E-163
   46.100002288818359        3.3369141902384200E-164
   46.200000762939453        5.5278542639926520E-165
   46.299999237060547        9.1180371061706590E-166
   46.400001525878906        1.4974398516451881E-166
   46.500000000000000        2.4488407017292995E-167
   46.600002288818359        3.9872622577445521E-168
   46.700000762939453        6.4647588229155079E-169
   46.799999237060547        1.0436697060740441E-169
   46.900001525878906        1.6775548654441864E-170
   47.000000000000000        2.6850591706609271E-171
   47.100002288818359        4.2789159043494298E-172
   47.200000762939453        6.7901169829107656E-173
   47.299999237060547        1.0728870081704260E-173
   47.400001525878906        1.6878477349242390E-174
   47.500000000000000        2.6440908463629823E-175
   47.600002288818359        4.1240306731364121E-176
   47.700000762939453        6.4051804854889524E-177
   47.799999237060547        9.9054470621394322E-178
   47.900001525878906        1.5251725624727945E-178
   48.000000000000000        2.3384499059286091E-179
   48.100002288818359        3.5697615597596351E-180
   48.200000762939453        5.4264358514674557E-181
   48.299999237060547        8.2134073504438622E-182
   48.400001525878906        1.2377527179119082E-182
   48.500000000000000        1.8574150298189988E-183
   48.600002288818359        2.7751452365944285E-184
   48.700000762939453        4.1288315167231265E-185
   48.799999237060547        6.1164838032479642E-186
   48.900001525878906        9.0214839281110996E-187
   49.000000000000000        1.3250096042456482E-187
   49.100002288818359        1.9375878887071633E-188
   49.200000762939453        2.8214271118045997E-189
   49.299999237060547        4.0908116474023081E-190
   49.400001525878906        5.9054263445075979E-191
   49.500000000000000        8.4890342012091788E-192
   49.600002288818359        1.2149720627980632E-192
   49.700000762939453        1.7315685754600075E-193
   49.799999237060547        2.4572329134051191E-194
   49.900001525878906        3.4717921814931232E-195
   50.000000000000000        4.8845743733765784E-196
   50.100002288818359        6.8422723801618380E-197
   50.200000762939453        9.5442046325290890E-198
   50.299999237060547        1.3255995566213903E-198
   50.400001525878906        1.8330966794130210E-199
   50.500000000000000        2.5242034514714784E-200
   50.600002288818359        3.4606972830331390E-201
   50.700000762939453        4.7246427487391388E-202
   50.799999237060547        6.4225510169120342E-203
   50.900001525878906        8.6925301737944760E-204
   51.000000000000000        1.1715239516197314E-204
   51.100002288818359        1.5720127042388000E-205
   51.200000762939453        2.1005227728677549E-206
   51.299999237060547        2.7946791933389027E-207
   51.400001525878906        3.7019984224925667E-208
   51.500000000000000        4.8832299350280779E-209
   51.600002288818359        6.4132427257578980E-210
   51.700000762939453        8.3871613849094658E-211
   51.799999237060547        1.0921581895865901E-211
   51.900001525878906        1.4159745188463418E-212
   52.000000000000000        1.8280680681250487E-213
   52.100002288818359        2.3497869592781317E-214
   52.200000762939453        3.0076811325279764E-215
   52.299999237060547        3.8332603598192796E-216
   52.400001525878906        4.8641149873806589E-217
   52.500000000000000        6.1462006942579178E-218
   52.600002288818359        7.7322962962740080E-219
   52.700000762939453        9.6867428182215697E-220
   52.799999237060547        1.2083153029672740E-220
   52.900001525878906        1.5006569169211206E-221
   53.000000000000000        1.8558817379461018E-222
   53.100002288818359        2.2851655703594844E-223
   53.200000762939453        2.8019019512540753E-224
   53.299999237060547        3.4207506618538533E-225
   53.400001525878906        4.1580353947428026E-226
   53.500000000000000        5.0329549785565633E-227
   53.600002288818359        6.0653524596831573E-228
   53.700000762939453        7.2787580626937393E-229
   53.799999237060547        8.6974461770577035E-230
   53.900001525878906        1.0347230784537099E-230
   54.000000000000000        1.2258151343312703E-231
   54.100002288818359        1.4458512008736091E-232
   54.200000762939453        1.6982077596117772E-233
   54.299999237060547        1.9860549773186268E-234
   54.400001525878906        2.3125401187743282E-235
   54.500000000000000        2.6813660035605044E-236
   54.600002288818359        3.0954254104424409E-237
   54.700000762939453        3.5583899912730234E-238
   54.799999237060547        4.0730521347561344E-239
   54.900001525878906        4.6417698373947859E-240
   55.000000000000000        5.2676438564585940E-241
   55.100002288818359        5.9517718233633236E-242
   55.200000762939453        6.6964626881784564E-243
   55.299999237060547        7.5020137889484421E-244
   55.400001525878906        8.3677195240807053E-245
   55.500000000000000        9.2940691003446262E-246
   55.600002288818359        1.0277829029263509E-246
   55.700000762939453        1.1317918152609326E-247
   55.799999237060547        1.2409804314794835E-248
   55.900001525878906        1.3547520399186975E-249
   56.000000000000000        1.4727348900257683E-250
   56.100002288818359        1.5939903620658444E-251
   56.200000762939453        1.7179749648745544E-252
   56.299999237060547        1.8436615347937024E-253
   56.400001525878906        1.9698887446704516E-254
   56.500000000000000        2.0959090865429681E-255
   56.600002288818359        2.2202362011839208E-256
   56.700000762939453        2.3420507357069026E-257
   56.799999237060547        2.4599520550302445E-258
   56.900001525878906        2.5724845208566077E-259
   57.000000000000000        2.6788567559645355E-260
   57.100002288818359        2.7774218917894065E-261
   57.200000762939453        2.8675100807192725E-262
   57.299999237060547        2.9478221428922192E-263
   57.400001525878906        3.0171230857863227E-264
   57.500000000000000        3.0750751164662946E-265
   57.600002288818359        3.1204247600892002E-266
   57.700000762939453        3.1531366607898933E-267
   57.799999237060547        3.1725253217586281E-268
   57.900001525878906        3.1780627784308485E-269
   58.000000000000000        3.1702327828561089E-270
   58.100002288818359        3.1485802182859641E-271
   58.200000762939453        3.1139369936316802E-272
   58.299999237060547        3.0664656471633881E-273
   58.400001525878906        3.0064992656655974E-274
   58.500000000000000        2.9353220875751624E-275
   58.600002288818359        2.8532839673458286E-276
   58.700000762939453        2.7618878159532717E-277
   58.799999237060547        2.6619524694514710E-278
   58.900001525878906        2.5544000769318618E-279
   59.000000000000000        2.4408975907832769E-280
   59.100002288818359        2.3222256402088946E-281
   59.200000762939453        2.2000443395030383E-282
   59.299999237060547        2.0753515600235461E-283
   59.400001525878906        1.9491529583075076E-284
   59.500000000000000        1.8229406993398832E-285
   59.600002288818359        1.6974344886138779E-286
   59.700000762939453        1.5739321963612836E-287
   59.799999237060547        1.4531560061238999E-288
   59.900001525878906        1.3357713071661476E-289
   60.000000000000000        1.2227135074099679E-290
   60.100002288818359        1.1143222808150715E-291
   60.200000762939453        1.0112762116670182E-292
   60.299999237060547        9.1382280714082850E-294
   60.400001525878906        8.2214323158014246E-295
   60.500000000000000        7.3655649739615362E-296
   60.600002288818359        6.5698853815539070E-297
   60.700000762939453        5.8355628346983336E-298
   60.799999237060547        5.1610840400909869E-299
   60.900001525878906        4.5445621526946721E-300
   61.000000000000000        3.9848924651762789E-301
   61.100002288818359        3.4788360172820150E-302
   61.200000762939453        3.0243001727386334E-303
   61.299999237060547        2.6178759007754724E-304
   61.400001525878906        2.2561387002876215E-305
   61.500000000000000        1.9362272755475418E-306
   61.600002288818359        1.6543953811995694E-307
   61.700000762939453        1.4076549929259902E-308
   61.799999237060547        1.1925768252981131E-309
   61.900001525878906        1.0059322442997032E-310
   62.000000000000000        8.4493878821171689E-312
   62.100002288818359        7.0660034696774947E-313
   62.200000762939453        5.8843262297662471E-314
   62.299999237060547        4.8792476608477050E-315
   62.400001525878906        4.0281056494075704E-316
   62.500000000000000        3.3114893191546844E-317
   62.600002288818359        2.7104243704592449E-318
   62.700000762939453        2.2091651288145498E-319
   62.799999237060547        1.7929642287578837E-320
   62.900001525878906        1.4476123423148524E-321
   63.000000000000000        1.1857575500189917E-322
   63.100002288818359        9.8813129168249309E-324
   63.200000762939453        0.0000000000000000     
   63.299999237060547        0.0000000000000000     
   63.400001525878906        0.0000000000000000     
   63.500000000000000        0.0000000000000000     
   63.600002288818359        0.0000000000000000     
   63.700000762939453        0.0000000000000000     
   63.799999237060547        0.0000000000000000     
   63.900001525878906        0.0000000000000000     
   64.000000000000000        0.0000000000000000     
   64.099998474121094        0.0000000000000000     
   64.200004577636719        0.0000000000000000     
   64.300003051757812        0.0000000000000000     
   64.400001525878906        0.0000000000000000     
   64.500000000000000        0.0000000000000000     
   64.599998474121094        0.0000000000000000     
   64.700004577636719        0.0000000000000000     
   64.800003051757812        0.0000000000000000     
   64.900001525878906        0.0000000000000000     
   65.000000000000000        0.0000000000000000     
   65.099998474121094        0.0000000000000000     
   65.200004577636719        0.0000000000000000     
   65.300003051757812        0.0000000000000000     
   65.400001525878906        0.0000000000000000     
   65.500000000000000        0.0000000000000000     
   65.599998474121094        0.0000000000000000     
   65.700004577636719        0.0000000000000000     
   65.800003051757812        0.0000000000000000     
   65.900001525878906        0.0000000000000000     
   66.000000000000000        0.0000000000000000     
   66.099998474121094        0.0000000000000000     
   66.200004577636719        0.0000000000000000     
   66.300003051757812        0.0000000000000000     
   66.400001525878906        0.0000000000000000     
   66.500000000000000        0.0000000000000000     
   66.599998474121094        0.0000000000000000     
   66.700004577636719        0.0000000000000000     
   66.800003051757812        0.0000000000000000     
   66.900001525878906        0.0000000000000000     
   67.000000000000000        0.0000000000000000     
   67.099998474121094        0.0000000000000000     
   67.200004577636719        0.0000000000000000     
   67.300003051757812        0.0000000000000000     
   67.400001525878906        0.0000000000000000     
   67.500000000000000        0.0000000000000000     
   67.599998474121094        0.0000000000000000     
   67.700004577636719        0.0000000000000000     
   67.800003051757812        0.0000000000000000     
   67.900001525878906        0.0000000000000000     
   68.000000000000000        0.0000000000000000     
   68.099998474121094        0.0000000000000000     
   68.200004577636719        0.0000000000000000     
   68.300003051757812        0.0000000000000000     
   68.400001525878906        0.0000000000000000     
   68.500000000000000        0.0000000000000000     
   68.599998474121094        0.0000000000000000     
   68.700004577636719        0.0000000000000000     
   68.800003051757812        0.0000000000000000     
   68.900001525878906        0.0000000000000000     
   69.000000000000000        0.0000000000000000     
   69.099998474121094        0.0000000000000000     
   69.200004577636719        0.0000000000000000     
   69.300003051757812        0.0000000000000000     
   69.400001525878906        0.0000000000000000     
   69.500000000000000        0.0000000000000000     
   69.599998474121094        0.0000000000000000     
   69.700004577636719        0.0000000000000000     
   69.800003051757812        0.0000000000000000     
   69.900001525878906        0.0000000000000000     
   70.000000000000000        0.0000000000000000     
